-3.105701
-0.255028
-0.333121
-0.676033
-1.738670
-0.771215
-0.954509
-0.530135
-0.937588
-2.677979
-0.386335
-2.879987
-2.557190
-1.028253
-0.886937
-1.359274
-1.403902
-2.099594
-0.668808
-0.419868
-0.551349
-0.691329
-1.564056
-1.794212
0.218287
-1.435216
-0.736842
-2.060414
-2.250728
-0.171873
-2.761155
-0.402783
-2.612532
-1.146719
-0.838048
-2.185431
-0.944037
-2.069042
-1.167933
-1.327085
-1.297273
-2.370842
-1.390629
-1.463562
-1.840145
-3.360775
-2.553891
0.001436
-1.499523
-0.425797
-1.167933
-1.848720
-1.993939
-1.985145
-2.348831
-2.429597
-3.507323
-0.876586
-0.542379
-0.874080
-2.280374
-0.462838
-0.543657
-2.840538
-1.736507
-1.095592
-2.592124
-0.156177
-2.025728
-1.498614
-0.578085
-0.454252
-0.944397
-1.176501
-0.255437
-0.934128
-2.210537
-1.308651
-0.912514
-1.033812
-1.804296
-1.826786
-1.347189
-1.730154
-0.412054
-0.843926
-0.487181
-1.340022
-0.509591
-1.167933
-1.019678
-2.636691
-1.167933
-1.255950
-1.102412
-1.370220
-0.876380
-1.655746
-2.100508
-0.948502
-1.167933
-2.645476
-0.653135
-0.084158
-1.155764
-3.016983
-1.943370
-2.535139
-0.412162
-0.503235
-0.963082
-1.587165
-0.892962
-1.167933
-1.602475
-1.303191
-0.611006
-1.459570
-1.380144
-2.579057
-1.844455
-1.255055
-2.017957
-0.596133
-0.673552
-0.538029
-1.474818
-2.946188
-1.930789
-0.819002
-1.748414
-1.697336
-1.031110
-0.726875
-1.405713
-0.972024
-1.447183
-1.208275
-1.158161
-0.594708
-1.167933
-1.438530
-0.689468
-0.571657
-2.155018
-1.167933
-0.332046
-1.055576
0.082912
-1.481164
-1.012980
-2.992175
-0.788529
-0.480633
-1.331591
-0.928365
-0.939655
-1.635584
-2.156653
-0.814312
0.036762
-1.167933
-0.739356
-0.792046
-0.490926
-1.173937
-1.425599
-0.652228
-1.992548
-1.412644
-1.177129
-1.300823
-0.906244
-0.630456
-1.782740
-0.898576
-2.298531
-1.655592
-2.364924
-0.594262
-0.868993
-0.355121
-0.769928
-1.471342
-2.385232
-0.248402
-0.962213
-0.688369
-1.167933
-0.523410
-0.911726
-0.870431
-0.500853
-1.021768
-2.494141
-0.339309
-1.167933
-1.660492
-0.285408
-1.167933
-0.571139
-1.659010
-2.564383
-1.257412
-2.949792
-0.764969
-1.779850
-0.661932
-1.844688
-2.202328
-1.356163
-1.365191
-1.167933
-1.389967
-2.631904
-1.067981
-0.252569
-0.675693
-2.704278
-1.071593
-2.578476
-1.120047
-1.071403
-0.947881
-0.858919
-0.618779
-1.756683
-2.088689
-2.068106
0.120864
-1.996830
-2.358300
-0.822607
-2.060485
-0.283336
-1.167933
-1.278286
-0.673589
-0.506518
-0.453291
-1.748083
-1.116181
-0.639019
-0.981531
-2.016041
-2.391198
-1.697069
-0.934858
-0.165392
-2.027486
-2.244959
-0.945858
-2.193690
-1.167933
-1.510397
-1.566181
-0.890809
-0.357693
-0.642176
-2.005522
-0.747906
-0.197474
-1.222326
-2.038137
-1.269866
-2.185247
-1.884782
-1.167933
-0.883900
-0.557106
-2.126560
-2.005391
-0.995365
-1.195892
-1.619834
-3.209270
-1.382320
-0.684169
-2.011853
-0.097820
-1.711951
-1.805950
-0.106559
-1.084082
-0.545368
-0.345153
-1.062510
-0.364712
-0.846229
-1.490908
-1.167933
-0.474367
-2.309126
-0.227479
-0.667012
-1.028347
-0.200039
-1.142142
-1.167933
-1.167933
-2.350893
-3.158976
-2.223732
-1.914609
-1.208125
-2.805880
-1.506634
-2.102443
-0.536932
-1.992873
-2.548696
-2.235819
-0.638681
-0.401148
-0.383026
-2.301698
-2.000570
-1.251930
-0.665120
-0.900109
-0.602635
-1.729037
-1.167933
-1.055790
-0.529552
-1.173118
-3.470304
-0.796286
-3.278550
-0.634043
-0.629960
-2.066140
-0.099059
-3.276421
-2.178629
0.062296
-1.891153
-1.167933
-0.571418
-0.927969
-0.484903
-0.559909
-0.927757
-1.694037
-1.439049
-0.654247
-1.360910
-0.219090
-1.682064
-2.891909
-0.553084
-0.965060
-1.358409
-0.209038
-0.787951
-0.961132
-0.771921
-0.475648
-2.454733
-0.913876
-0.238596
-1.042713
-0.082186
-1.167933
-1.161959
-1.292757
-0.926663
-0.564661
-1.499088
-0.104841
-1.167933
-2.576788
-0.470939
-1.414914
-0.249162
-0.545647
-0.671100
-1.058981
-0.851798
-1.016786
-2.006690
-0.615463
-0.810982
-0.326084
-1.167933
-1.173835
-1.375311
-0.658385
-1.669036
-0.127960
-1.167933
-1.899552
-1.062980
-3.562480
-1.767751
-1.400585
-0.138280
-1.167998
-2.469659
-0.806039
-2.002210
-0.710331
-1.402492
-0.533801
-0.659085
-1.451202
-1.144227
-0.764269
-0.483283
-0.633867
-0.592399
-1.816333
-0.649591
-2.730080
-0.896841
-0.741426
-0.090291
-1.167933
-2.308942
-0.540892
-1.385542
-0.734113
-1.943693
-1.509099
-2.486586
-1.220796
-0.747395
-0.689640
0.033352
-1.255836
-0.930504
-1.121796
-1.875370
-0.394950
-1.167933
-1.138225
-1.221897
-1.933476
-0.324886
-3.305125
-0.953718
-0.418999
-1.167933
-1.176879
-1.553893
-0.850768
-0.666118
-1.175980
-0.581754
-1.425220
-0.245150
-1.136923
-1.570136
-1.622755
-1.167933
-1.562267
-0.387458
-0.969336
-0.761706
-0.803529
-1.491757
-1.079222
-0.905406
-0.250893
-0.693124
-1.217818
-1.997577
-0.402002
-1.409748
-0.948210
-0.568739
-1.640283
-0.704223
-2.924602
-1.387518
-1.322978
-1.126367
-0.399883
-1.167933
-0.976155
-0.307387
-0.807155
-0.781907
-1.138036
-0.790484
-1.167933
-0.743746
-1.233417
-0.647153
-1.167933
-1.136545
-0.882307
-0.766458
-1.365185
-2.963052
-2.569896
-0.890604
-0.763839
-1.960566
-1.167933
-1.680619
-0.743066
-1.900743
-1.049981
-0.912694
-0.731644
-0.672434
-1.130964
-0.314503
-1.066609
-2.288334
-0.930903
-2.505466
-1.167933
-0.851439
-0.635037
-0.339960
-1.605551
-0.447547
-1.080869
-0.832644
-2.102423
-1.940874
-1.418382
-0.247376
-2.184442
-0.715243
-2.721306
-0.678494
-1.832597
-0.138537
-0.785003
-2.263077
-1.209404
-0.530550
-1.015030
-0.767604
-1.366419
-0.744447
-0.713915
-0.434677
-1.021852
-1.496611
-0.012220
-1.616745
-2.222496
-2.449236
-2.131616
-2.120402
-0.409172
-1.313829
-0.763921
-2.864466
-1.574282
-1.342003
-0.408043
-0.189123
-1.167933
-2.057758
-1.167933
-1.099001
-0.599625
-1.323447
-0.789632
-1.114750
-0.784761
-1.372752
-0.682498
-0.577064
-0.816794
-0.592322
-1.639752
-0.653634
-1.872827
-0.820936
-2.191575
-1.167933
-0.604437
-0.862724
-0.480650
-1.911140
-2.075879
-2.028953
-2.298567
-1.971156
-0.227773
-1.719522
-0.454430
-2.931315
-1.167933
-1.168660
-1.162612
-0.625171
-1.275259
-1.596352
-0.883225
-1.053661
-2.873483
-0.830710
-0.403823
-0.517352
-1.430434
-1.039380
-0.737909
-1.167933
-1.261107
-1.128965
-0.749010
-1.860254
-1.167933
-0.957434
-1.154148
-3.018362
-0.971896
-2.780725
-0.620059
-0.750571
-1.143585
-2.170004
-1.167933
-0.761262
-1.167933
-0.920261
-1.561152
-0.998020
-0.377834
-0.434552
-2.046103
-2.286463
-0.336514
-2.807775
-1.167933
-1.041183
-1.167933
-0.639868
-0.458783
-1.338323
-2.561962
-0.324443
-1.189074
-0.895966
-1.743251
-1.290215
-1.287339
-1.167933
-0.934955
-2.826101
-0.852210
-1.734243
-1.632142
-1.334033
-0.907100
-2.401449
-0.741152
-2.797102
-2.022796
-1.536503
-0.488993
-1.939070
-1.107281
-0.575743
-2.052618
-1.735606
-0.551373
-3.010837
-2.219802
-0.953737
-1.572345
-0.605202
-0.570711
-1.149051
-0.918295
-0.870257
-1.441124
-1.412079
-0.736954
-2.002171
-1.358842
-0.804993
-0.276855
-0.892305
-1.601158
-0.855686
-0.298758
-0.637461
-0.170872
-1.167933
-0.233104
-1.693685
-0.455808
-2.108749
-1.829683
-0.613902
-1.970493
-1.199541
-0.501133
-3.124160
-1.167933
-1.218994
-0.052721
-2.585777
-1.292137
-1.096925
-1.308893
-2.477491
-0.445082
-1.155746
-2.572559
-2.634788
-2.344878
-0.539335
-3.060390
-1.108814
-0.786192
-1.917250
-2.049879
-1.548424
-0.662684
-0.772117
-0.748319
-2.038436
-0.222649
-1.167933
-1.167933
-1.293897
-1.405881
-1.167933
-0.589563
-2.824292
-1.167933
-1.373400
-1.451825
-0.967167
-1.549446
-2.323387
-0.759208
-0.978225
-0.331807
-0.844178
-1.456130
-0.651713
-0.876705
-0.559144
-1.001513
-0.201791
-1.528554
-1.009635
-0.369982
-1.401376
-1.670180
-2.239547
-1.653288
-0.697714
-0.266072
-1.835474
-2.487365
-1.367755
-2.008879
-1.422294
-1.923377
-0.963371
-0.929841
-0.976042
-0.296155
-0.935615
-1.316847
-0.835184
-1.564930
-0.837529
-1.203533
-0.781587
-2.399426
-0.554488
-0.481891
-1.457204
-2.062653
-0.311693
-0.473896
-0.891097
-0.987813
-0.895913
-0.339863
-0.504601
-1.625551
-0.357652
-0.828306
-0.428017
-3.051651
-2.511875
-1.308085
-0.840916
-2.196347
-2.243577
-0.831561
-1.289630
-1.890324
-0.410882
-0.529578
-0.566243
-1.814462
-1.475510
-1.371223
-0.576248
-0.789711
-0.018193
-0.570621
-0.708285
-0.785074
-1.473818
-1.762833
-0.883247
-1.010884
-0.885917
-0.705275
-1.069549
-1.431468
-2.333975
-1.010739
-0.589671
-2.049983
-3.237326
-2.341538
-0.463501
-0.507643
-0.426383
-1.603008
-1.939560
-0.698334
-0.605152
-0.552477
-1.210094
-2.169515
-0.947704
-0.538715
-0.606697
-1.614135
-0.417874
-1.068467
-1.687282
-1.746600
-3.101672
-0.732635
-0.842801
-1.207024
-2.260749
-0.454948
-0.739818
-2.053052
-0.545818
-1.755363
-1.360992
-1.792228
-0.875177
-0.549961
-0.073697
-0.104528
-0.500300
-2.000436
-1.753736
-1.418888
-1.633803
-0.932345
-0.782501
-0.487753
-2.621440
-1.112891
-2.420969
-0.115577
-2.057832
-0.750025
-0.634461
-1.562469
-0.791890
-0.652993
-0.173182
-0.554796
-1.787989
-2.902665
-1.363764
-2.864058
-1.695379
-0.600966
-0.734699
-1.036438
-0.655440
-0.464573
-0.532692
-0.861037
-1.677058
-0.360942
-0.724129
-0.436934
-0.661427
-0.519985
-1.995892
-0.697688
-1.423093
-1.167933
-1.556971
-0.789131
-0.927336
-1.067018
-1.117658
-1.506418
-0.934250
-1.234405
-0.704685
-1.160844
-2.850283
-0.985656
-0.831192
-0.639040
-2.046417
-0.698303
-2.774765
-1.624527
-1.806160
-1.773677
-1.501044
-1.393419
-2.153491
-0.497172
-1.578393
-0.886665
-0.947118
-2.430101
-0.963173
-3.146471
-0.247815
-2.398679
-1.167933
-1.644041
-1.205085
-0.414857
-1.600489
-1.721858
-0.880420
-2.331217
-1.580605
-1.167933
-1.875534
-3.163591
-1.279725
-1.167933
-0.465969
-0.291464
-0.659569
-1.799325
-1.642810
-0.340247
-2.815187
-0.596421
-0.606552
-1.795911
-0.834997
-2.058190
-1.063457
-0.885083
-2.132795
-1.167933
-0.704833
-1.588538
-0.909061
-2.786308
-1.097089
-0.207626
-0.680541
-1.783707
-1.178049
-0.196831
-2.176237
-1.393073
-1.002551
-1.275705
-0.546365
-0.966728
-0.293934
-0.402362
-1.448629
-0.307388
-1.788965
-2.033354
-0.672022
-2.169125
-0.323055
-1.167933
-2.902238
-1.398995
-1.959646
-2.271954
-0.321722
-0.472472
-0.516336
-1.309331
-0.974790
-2.142883
-2.653056
-0.870042
-0.802037
-1.989565
-2.128329
-2.123765
-0.032462
-2.091457
-2.246922
-1.032717
-0.911557
-1.088663
-0.780318
-0.750810
-1.764970
-0.067237
-2.096810
-1.167933
-0.371186
-1.087943
-0.449435
-2.481210
-0.651003
-1.347689
-1.420770
-2.444582
-1.667467
-2.111914
-1.226341
-1.268524
-2.265396
-1.151324
-0.565008
-0.867869
-2.757699
-0.741825
-0.558444
-1.167933
-1.167933
-0.135634
-1.133640
-1.082991
-1.795446
-0.841805
-0.972038
-2.675186
-1.150435
-0.836282
-1.554932
-2.151813
-1.162705
-0.874107
-1.167933
-2.242770
-1.290434
-0.424523
-0.762601
-1.167933
-2.376290
-1.755958
-1.001506
-0.672579
-0.900611
-0.525692
-1.816289
-0.042883
-2.183238
-0.977481
-1.361596
-2.225741
-0.388932
-1.106743
-2.174753
-1.398748
-1.535853
-1.978355
-0.621482
-0.682174
-0.568303
-1.592618
-1.167933
-0.935961
-0.551630
-1.153563
-0.689124
-1.375031
-0.569498
-0.914395
-0.624779
-2.069348
-0.925547
-0.903687
-1.624839
-2.334449
-0.618426
-0.711288
-2.184545
-1.582518
-1.070950
-2.381802
-2.891015
-1.878478
-0.289285
-2.650382
-2.744723
-0.651445
-1.710644
-1.167933
-0.705285
-0.903453
-0.500927
-1.117579
-1.380695
-1.387586
-1.732454
-3.138332
-0.972827
-1.093421
-0.958699
-1.946921
-1.524778
-0.617096
-0.550859
-0.816663
-1.816550
-0.972658
-1.244830
-0.713064
-1.626523
-1.580267
-0.766357
-1.167933
-0.357213
-0.753903
-1.893334
-2.294674
-0.546430
-0.694134
-0.836999
-1.420815
-0.826938
-1.610384
-0.124519
-0.471833
-2.193296
-1.952729
-2.242576
-1.316733
-1.216827
-3.039376
-1.059441
-1.822924
-1.861109
-1.442318
-1.043861
-0.829341
-2.125378
-2.342152
-0.793745
-1.425298
-2.024929
-1.167933
-1.744844
-1.538934
-1.575631
-1.746838
-0.775516
0.235862
-0.204836
-1.050242
-1.929154
-2.131931
-1.041477
-0.747670
-1.361198
-0.458982
-1.106897
-1.721636
-1.550284
-1.236750
-2.669473
-0.974083
-2.112348
-0.783875
-1.973490
-0.108915
-1.232389
-0.221940
-0.889337
-2.692745
-0.380115
-1.535011
-1.088113
-0.709961
-0.698811
-1.167933
-1.024277
-1.124445
-0.743005
-0.859748
-0.429718
-0.144400
-0.861030
-1.167933
-0.945345
-2.077555
-2.771942
-1.106511
-3.157980
-1.939163
-1.606365
-0.586365
-0.479280
-1.167933
-0.928084
-1.665661
-0.791390
-0.952253
-0.541878
-0.559566
-1.290816
-1.919040
-0.193770
-1.770932
-0.259356
-0.522757
-1.627960
-1.520706
-0.622565
-1.167933
-0.469179
-0.885478
-1.184442
-1.570412
-0.880434
-0.724223
-2.379630
-0.803216
-0.794934
-1.648605
-0.470668
-1.500108
-0.570496
-2.151786
-0.592319
-2.549083
-1.233961
-1.526367
-0.624326
-0.882183
-2.634960
-1.611880
-0.889770
-0.924182
-2.276887
-1.167933
-0.523518
-0.345640
-0.874026
-1.687266
-0.558584
-0.890174
-1.167933
-0.730505
-2.238777
-0.188877
-1.356868
-1.167933
-1.519384
-0.559346
-0.063068
-0.806460
-0.998757
-0.821854
-1.545308
-1.715842
-2.923501
-0.446160
-1.167933
-1.755267
-0.823714
-2.249966
-0.459395
-0.544896
-0.983332
0.078452
-0.934882
-1.765340
-2.047039
-1.948208
-1.560067
-0.005538
-2.941493
-1.059788
-1.736568
-0.420713
-0.816463
-0.714882
-1.685260
-0.926543
-1.970991
-1.625436
-2.267631
-2.779047
-0.646877
-0.272973
-1.976689
-0.373837
-2.400649
-0.740682
-0.713676
-0.928602
-2.521249
-0.852353
-1.701756
-0.747514
-2.349690
-0.509248
-2.166095
-1.421366
-1.547666
-0.739032
-0.431007
-0.792007
-1.855403
-1.455854
-1.418103
-2.000681
-0.912262
-2.383337
-1.332135
-0.602565
-1.126540
-1.082259
-0.996756
-0.957047
-2.216454
-0.524257
-1.491634
-2.703573
-2.742318
-1.016574
-0.839066
-0.522832
-0.510797
-1.095198
-2.706912
-0.519518
-1.978667
-1.489857
-2.467481
-2.129299
-2.503576
-0.367277
-1.390863
-1.114610
-1.450210
-2.681221
-2.244288
-0.360759
-0.590941
-0.709042
-0.969172
-0.631086
-0.283605
-0.776239
-0.147737
-1.127051
-0.549513
-1.149540
-0.619345
-0.717130
-1.699881
-0.628026
-0.736630
-0.371714
-0.531958
-2.704592
-1.088271
-0.733598
-0.868722
-0.396872
-0.974929
-1.775211
-1.604036
-1.600729
-0.176208
-0.931259
-2.975121
-1.305352
-0.490616
-1.883410
-1.022403
-1.330473
-1.167933
-0.410038
-1.802376
-0.521269
-3.060632
-2.022476
-2.730425
-1.090208
-0.832948
-0.897707
-0.478508
-2.056045
-1.669659
-0.984306
-2.086764
-1.265707
-1.440196
-2.563778
-0.433156
-0.948459
-1.167933
-1.327240
-0.754494
-0.583050
-1.089912
-0.481615
-1.597813
-0.399715
-1.167933
-0.819572
-2.065332
-0.855089
-1.167933
-1.776418
-1.000383
-1.964145
-0.220720
-1.497934
-1.068896
-1.849463
-1.032254
-0.719499
-1.093808
-0.490801
-1.956200
-0.902977
-0.624757
-1.129977
-1.807433
-2.603793
-1.167933
-0.639914
-0.718486
-1.846230
0.054125
-1.601657
-2.367237
-1.023257
-2.600221
-1.022572
-0.562794
-0.105223
-1.693495
-1.251723
-1.202019
-1.385789
-2.959692
-2.136802
-0.727498
-1.375547
-0.558202
-0.176290
-1.772568
-0.675929
-1.148306
-2.301626
-2.452482
-1.073008
-0.458686
-1.740584
-0.139454
-0.429501
-0.257065
-1.167933
-0.991199
-0.574687
-2.105899
-1.310347
-2.220049
-2.196770
-0.888247
-0.593140
-0.728515
-2.672275
-0.383703
-0.170078
-0.797305
-1.868663
-1.408582
-2.781946
-1.997274
-0.209494
-1.210469
-0.839043
-1.097492
-0.531274
-0.990491
-0.503257
-1.729889
-2.694871
-0.997458
-2.507433
-0.546104
-0.725125
-1.223907
-0.495854
-0.793288
-0.501169
-0.508190
-0.900454
-2.337838
-0.983899
-1.402604
-0.950274
-1.167933
-0.693406
-0.799949
-1.167933
-0.742152
-0.707639
-0.780959
-0.463904
-1.057640
-2.231598
-0.843004
-0.620535
-1.285087
-0.692842
-1.497391
-0.705889
-2.278871
-1.586816
-1.293677
-1.167933
-0.812540
-0.019054
-0.429041
-0.998690
-1.374656
-1.308079
-2.302925
-1.050165
-0.175627
-0.845956
-2.326371
-2.292344
-0.749924
-1.167933
-0.557504
-2.134160
-0.713713
-1.575409
-0.856055
-0.923227
-3.447516
-0.976580
-0.994579
-0.414712
-0.176055
-1.554182
-0.564857
-2.228175
-1.033767
-1.104593
-1.221938
-1.569380
-0.325361
-1.878370
-0.423214
-0.933088
-0.873762
-0.700938
-0.660262
-2.471383
-2.730808
-0.737813
-2.366126
-1.878157
-0.502722
-0.112824
-1.793826
-0.958537
-3.020273
-2.297965
-2.681746
-2.084132
-2.015961
-0.610309
-3.087470
-1.987450
-0.660035
-0.352589
-0.421082
-1.150655
-1.053337
-0.627576
-0.301959
-1.065851
-1.853715
-1.474633
-0.859742
-0.402154
-1.282001
-2.661246
-2.234560
-0.465018
-1.557374
-1.167933
-2.040011
-2.002192
-2.593851
-1.002920
-0.931282
-0.500695
-1.940725
-1.167933
-0.541127
-1.976677
-0.640987
-2.261065
-0.111696
-1.435534
-0.513915
-0.688069
-1.219933
-0.708851
-1.374463
-0.627713
-0.795668
-0.908728
-0.924308
-0.661938
-1.669685
-0.560526
-0.990022
-1.875377
-1.082163
-1.770681
-1.153924
-1.048812
0.045669
-1.167933
-0.827587
-0.700963
-1.167933
-0.727699
-0.706807
-2.269523
-0.917269
-0.241542
-1.758147
-1.437341
-1.008540
-1.003803
-0.832955
-1.389856
-2.021205
-0.900596
-0.972055
-0.443588
-1.246388
0.034922
-0.681390
-1.386856
-0.742756
-0.573233
-0.766582
-1.868261
-1.560384
-0.491002
-0.648864
-0.711046
0.025020
-0.610335
-1.719442
-0.190017
-0.455661
-0.891144
-1.167933
-0.385534
-1.395488
-1.075946
-0.237234
-0.148909
-0.457489
-1.326531
-0.689621
-0.512243
-1.086257
-2.050660
-0.815962
-0.647819
-2.304003
-0.852207
-0.613746
-1.663925
-3.192427
-2.009331
-1.474701
-1.663387
-2.478598
-0.983521
-0.765882
-0.362761
-0.664595
-1.748337
-1.845086
-0.755033
-1.175391
-2.323980
-1.417375
-0.263603
-0.704879
-0.536098
-1.248881
-3.113497
-2.679672
-0.517830
-0.922597
-1.727469
-0.828991
-1.027059
-2.952866
-1.823060
-0.556145
-2.416857
-1.273041
-1.585904
-0.403222
-1.595893
-1.167933
-1.706635
-1.547795
-0.520395
-3.417629
-0.592219
-0.089062
-1.107721
-2.870183
-1.042863
-2.549524
-0.205162
-0.549518
-1.874923
-1.320773
-0.930350
-0.147093
-2.509428
-0.746544
-1.178523
-1.104517
-1.160062
-0.226108
-0.093726
-0.679146
-2.163429
-1.084669
-3.148688
-0.123951
-1.293668
-1.612694
-2.424685
-0.525803
-1.540519
-0.614517
-1.435930
-0.529297
-0.987697
-2.086469
-0.463463
-2.632437
-1.462518
-1.554108
-2.042356
-1.429820
-1.411098
-1.784216
-0.431326
-0.691841
-0.634053
-1.712163
-0.951250
-3.155636
-1.420178
-1.100816
-0.878308
-0.436933
-1.418645
-0.851427
-1.991855
-0.709771
-1.440820
-1.839441
-1.522613
-2.467537
-1.291717
-2.425379
-1.728451
-2.379938
-0.461893
-2.867794
-0.661203
-1.167933
-1.167933
-0.725431
-0.655928
-1.099684
-2.031095
-0.617550
-0.944041
-0.737404
-0.906529
-0.838278
-2.930740
-0.586576
-0.908812
-1.756028
-1.321406
-1.092925
-0.460043
-2.780377
-1.654840
-0.760669
-2.584449
-1.462885
-0.772087
-1.167094
-0.658415
-0.900756
-1.064490
-1.151054
-1.032296
-0.055002
-2.213414
-1.167933
-1.538061
-2.384956
-0.879582
-0.927494
-0.466808
-0.769643
-1.481744
-0.578518
-0.201536
-0.782033
-2.384646
-1.167933
-0.875524
-1.482412
-1.456014
-1.443338
-1.256257
-2.686202
-2.182671
-0.603907
-1.730500
-0.513964
-1.877065
-0.488261
-0.715368
-1.482983
-1.637984
-2.184907
-2.340069
-0.413251
-0.358686
-0.847057
-1.418877
-1.167933
-1.011779
-1.439452
-0.512223
-2.386308
-0.608334
-0.142669
-1.457440
-2.433913
-0.637351
-0.745137
-1.337416
-1.825627
-2.084414
-1.016593
-2.050591
-1.167933
-1.325811
-0.814337
-0.208213
-0.543650
-0.871390
-2.489648
-1.562387
-2.390908
-0.583361
-0.726737
-2.711463
-1.318432
-1.588207
-1.507197
-1.089340
-1.116503
-0.908307
-2.724128
0.018425
-0.614152
-0.945153
-0.985715
-0.701814
-0.940884
-0.824094
-0.898827
-0.288614
-0.316547
-1.945887
-1.167933
-1.688018
-1.928628
-1.601947
-3.018851
-0.583989
-1.167933
-0.752013
-1.445037
-1.167933
-2.661702
-3.220541
-0.642872
-0.888314
-0.629641
-0.709862
0.092283
-1.426111
-0.798615
-0.708361
-1.162997
-1.583036
-0.817248
-0.698159
-1.722749
-1.524642
-0.062876
-2.545000
-0.574909
-0.799391
-2.271010
-2.553960
-1.181598
-1.123345
-2.456612
-2.664734
-0.466001
-1.796775
-1.167933
-0.480135
-0.420140
-2.753850
-0.827758
-0.752251
-0.267300
-2.331607
-0.734474
-0.548591
-0.415160
-1.593013
-0.791754
-2.202554
-1.167933
-1.167933
-0.654404
-0.492839
-2.229179
-2.420101
-2.311696
-3.622571
-0.903644
-0.963184
-0.637466
-0.692254
-3.130094
-0.581836
-0.870552
-1.388675
-0.838653
-1.935156
-1.802110
-1.167933
-1.260706
-0.281161
-0.971423
-1.244710
-0.763492
-1.279781
-0.891958
-0.995524
-1.216729
-1.181234
-0.930439
-1.213595
-0.667438
-0.307655
-1.167933
-1.937515
-3.156411
-0.930371
-0.668026
-2.077761
-1.026531
-0.799550
-1.839255
0.258544
-1.682057
-0.641007
-0.728229
-0.148890
-0.657756
-1.220006
-1.318383
-2.255036
-0.790173
-1.463108
-0.225894
-1.183398
-1.265793
-2.143367
-1.391857
-0.752110
-1.868505
-0.797074
-1.434033
-0.762785
-0.888217
-1.378876
-2.177749
-0.413877
-0.412045
-0.598617
-0.969839
-2.081305
-2.017896
-0.574522
-3.811889
-2.014307
-1.206677
-1.078025
-1.229666
-0.812221
-1.712896
-1.970152
-0.321576
-1.704134
-2.727339
-2.665166
-1.652642
-0.664944
-1.982559
-0.611643
-2.137961
-1.469534
-0.922207
-1.408247
-0.881665
-0.863554
-1.490652
-1.428632
-1.167933
-0.957306
-2.548983
-0.904270
-0.800081
-1.262126
-0.434900
-1.075674
-1.413780
-2.523504
-1.604352
-2.824982
-0.830700
-1.024758
-1.722217
-1.715558
-2.484822
0.428792
-2.893846
-0.877913
-0.742985
-0.083646
-3.246053
-0.387914
-1.167933
-0.733112
-0.559610
-1.243978
-1.321058
-0.092947
-0.934502
-0.776043
-0.461635
-0.854887
-1.226231
-1.074770
-0.632604
-2.137915
-1.430286
-3.128668
-0.855196
-0.908778
-1.160624
-0.785713
-1.077638
-1.280403
-0.622437
-0.298490
-0.935904
-0.701624
-2.022004
-1.260884
-2.404936
-0.592180
-1.776389
-2.019469
-1.022826
-2.179175
-1.818683
-0.708965
-1.167933
-0.429236
-1.614373
-0.478185
-0.743469
-0.947498
-0.389239
-1.168207
-1.913862
-0.422970
-1.975610
-0.690900
-2.021852
-2.179538
-1.479632
-0.382416
-0.735741
-1.626708
-0.639258
-2.070754
-0.724791
-1.584659
-0.446546
-0.865612
-2.527625
-1.167933
-1.471250
-1.167933
-2.862940
-0.732993
-3.142285
-0.374979
-0.896916
-0.416687
-0.480634
-0.842399
-1.121827
-0.929627
-0.725334
-0.611407
-0.531442
-0.505295
-2.330400
-1.247467
-1.829741
-1.384329
-1.054657
-1.198730
-0.365617
-0.686962
-2.515606
-0.614082
-0.855847
-0.654532
-0.678849
-1.086878
-1.888662
-0.852516
-0.794884
-1.331976
-0.757568
-2.279955
-0.587073
-0.494319
-0.676631
-1.805421
-0.368010
-2.016534
-1.063524
-1.178933
-1.691542
-0.773456
-1.022729
-1.465511
-1.653228
-0.938765
-0.553892
-2.693749
-1.191759
-1.930632
-0.914159
-0.200024
-0.963311
-2.798895
-2.404902
-1.167933
-1.198475
-1.167933
-0.239082
-1.167933
-1.090068
-0.909821
-0.607380
-0.959565
-1.018169
-0.355639
-2.221058
-1.137069
-1.239054
-1.709025
-1.076730
-2.367948
-0.497229
-2.535647
-0.661674
-1.086217
-0.040037
-0.776249
-0.666814
-1.118582
-0.744284
-1.151555
-2.435549
-0.862046
-1.003928
-0.436723
-1.926234
-2.896539
-1.033664
-0.374755
-0.568601
-2.107221
-0.652156
-0.631272
-0.601788
-1.228473
-2.186850
-0.413207
-0.328027
-1.457759
-0.343092
-0.769106
-1.914411
-0.885714
-0.620735
-0.503056
-1.824039
-1.304379
-0.763510
-0.907028
-1.540896
-1.518669
-0.982228
-3.691226
-0.783655
-1.158208
-1.837470
-1.426772
-0.819444
-2.339025
-1.180601
-0.733881
-1.688779
-1.063683
-1.167933
-0.098876
-0.536724
-1.299147
-1.167933
-1.021322
-1.442198
-0.723206
-1.167933
-0.587575
-1.096310
-2.741580
-1.726731
-0.378672
-2.375721
-1.652471
-0.459855
0.072222
-0.231181
-1.938481
-1.493144
-1.785711
-0.801540
-1.503905
-0.504839
-3.065596
-1.657817
-3.123155
-1.557759
-0.607595
-3.815385
0.190980
-2.086551
-2.565382
-0.416024
-1.403436
-2.021043
-1.167933
-1.007959
-0.224119
-0.429285
-1.635254
-1.449960
-2.290065
-1.896921
-0.665874
-0.732063
-0.895168
-0.719575
-1.005646
-1.297143
-2.266053
-1.167933
-1.284612
-0.698814
-2.266691
-1.005894
-2.209812
-1.031395
-0.399884
-0.914671
-2.169817
-1.622646
-0.325576
-1.889423
-1.132945
-1.167933
-1.167933
-1.256997
-0.793339
-0.709157
-1.167933
-1.881084
-1.253977
-0.805759
-1.488808
-2.172716
-0.962746
-0.360949
-2.623360
-1.517102
-1.360674
-1.631296
-0.862784
-1.718444
-0.313623
-0.861109
-0.788647
-0.630255
-1.638080
-2.013422
-2.021405
-0.584741
-0.635154
-0.295660
-1.721522
-0.630703
-0.963159
-1.589184
-2.239465
-1.634381
-0.874942
-1.179618
-0.914657
-0.678340
-2.101009
-3.367865
-0.705758
-1.914673
-0.673835
-0.117356
-0.805243
-0.751616
-0.995029
-1.167933
-0.572956
-0.324150
-2.374527
-1.774897
-1.959509
-0.655791
-0.617058
-1.051221
-2.268180
-0.460981
-1.032269
-1.949718
-2.353220
-0.971415
-0.459285
-2.267165
-0.492988
-0.906917
-2.350103
-2.992358
-1.981807
-0.785904
-1.767282
-1.437518
-0.921108
-0.030360
-0.907293
-2.203839
-1.679101
-1.216614
-1.861867
-1.227712
-1.269115
-0.041271
-0.860345
-1.064004
-0.195564
