-0.678105
-0.600372
-0.799447
-1.078378
-0.780106
-0.950454
-1.701762
-0.932791
-1.754925
-0.790000
-0.701685
-0.326201
-0.854929
-0.732489
-1.168963
-1.831728
-1.326253
-0.693690
-1.167933
-2.658582
-2.156239
-1.067094
-1.788759
-1.019215
-1.642670
-1.430050
-0.638511
-2.137517
-1.912780
-1.523754
-0.376184
-1.706734
-0.850294
-0.805517
-0.834188
-0.949829
-0.543484
-1.130983
-0.636821
-2.142617
-2.480364
-3.178101
-1.107114
-0.443709
-1.960643
-2.577956
-0.411772
-0.828251
-1.823688
-3.308692
-1.402896
-0.377461
-2.236721
-0.540811
-1.714962
-1.167933
-1.634380
-1.074268
-3.267500
-1.292877
-0.981987
-0.823944
-0.665816
-0.870938
-0.664015
-0.660013
-0.749714
-1.027185
-0.903818
-1.781986
-0.694777
-0.893805
-1.017393
-1.814705
-0.591445
-0.971917
-0.513110
-1.731228
-0.724219
-0.899096
-3.374273
-1.236435
-1.906624
-0.974196
-1.674996
-1.265927
-1.253961
-1.392657
-1.167933
-2.083740
-0.525968
-0.750279
-0.725205
-1.283214
-1.530511
-0.780277
-1.167933
-1.167933
-2.110958
-0.935270
-1.441791
-0.657431
-1.537361
-1.287097
-0.190865
-1.842297
-0.833482
-3.215483
-1.142427
-1.251797
-2.048040
-1.855733
-1.672482
-0.766153
-1.698664
-0.499489
-0.986730
-0.707492
-0.916290
-3.342290
-1.600844
-0.678687
-2.373610
-2.378659
-0.274503
-0.568665
-1.365506
-2.168761
-1.541952
-0.472773
-0.715531
-0.895264
-1.167317
-1.205296
-1.975641
-1.495115
-1.167933
-1.338610
-1.868039
-2.354075
-1.770255
-1.103166
-0.989707
-1.996385
-1.721982
-0.830396
-1.416908
-1.167933
-1.657444
-1.109041
-1.685002
-0.913944
-1.854534
-1.610322
-0.627549
-1.153112
-0.865788
-0.302162
-2.155972
-0.644290
-0.228919
-2.088364
-1.547712
-1.511799
-0.940904
-2.194812
-2.548994
-1.240565
-1.263705
-2.389238
-1.788771
-0.910280
-1.167933
-1.167933
-0.934356
-2.012063
-1.167933
-0.970930
-1.519147
-2.341820
-1.701976
-0.533583
-0.359759
-0.997729
-1.034086
-0.793362
-0.901421
-0.963348
-2.295739
-0.655970
-0.530400
-0.508704
-0.931944
-1.167933
-1.403010
-1.750985
-1.749886
-1.646275
-0.942779
-1.440860
-0.102448
-0.921386
-1.689077
-1.512918
-0.676316
-1.014419
-0.140917
-2.057995
-1.972079
-2.248102
-1.577823
-1.263210
-3.025062
-0.936992
-1.167933
-2.546327
-0.673143
-0.615314
-1.565486
-1.587689
-2.091421
-0.910182
-0.753553
-0.265611
-1.838958
-1.358565
0.066519
-0.948731
-0.969393
-0.814716
-0.742504
-0.802047
-2.318451
-0.746478
-1.505543
-0.583685
-0.501233
-1.160065
-1.233499
-0.753197
-0.956721
-1.054935
-1.983345
-2.299086
-0.713761
-1.908485
-1.690510
-1.349423
-1.563969
-1.722608
-1.610741
-0.630303
-1.328260
-1.167933
-0.992671
-1.421962
-2.479680
-0.756360
-1.306585
-2.050832
-1.113825
-0.953415
-2.253668
-1.797985
-1.329865
-1.893294
-0.961282
-0.703280
-0.843473
-0.708397
-2.314052
-1.389780
-1.672439
-1.346352
-2.848157
-1.214607
-0.798520
-1.280812
-0.558350
-0.938572
-1.760604
-3.211714
-0.902695
-0.746647
-1.403428
-0.901712
-1.016068
-0.944546
-0.555502
-0.115415
-2.066616
-0.610812
-0.752255
-1.539115
-0.832247
-1.312009
-1.384658
-2.414762
-1.358284
-1.003169
-1.033499
-1.226463
-0.481450
-0.517721
-1.208411
-1.845182
-1.167933
-0.810495
-1.237785
-0.610462
-0.931656
-1.620252
-0.181062
-1.188072
-1.125275
-1.199306
-0.796792
-0.186850
-0.669942
-1.347199
-1.014320
-1.097036
-0.848582
-0.945192
-2.245864
-1.999145
-0.756152
-1.053732
-1.637861
-0.992081
-0.607763
-0.676105
-1.343337
-0.700746
-0.977578
-0.851516
-1.883451
-0.103635
-0.600642
-1.513633
-1.492939
-1.160105
-1.205333
0.002745
-0.556527
-1.878223
-1.649303
-0.401027
-0.626509
-1.282141
-2.341964
-0.491978
-1.053452
-2.396082
-0.509755
-2.276953
-0.641946
-1.167933
-1.167933
-2.402502
-1.167933
-2.810141
-2.636010
-2.744041
-0.209404
-0.933432
-1.356984
-2.348645
-1.022853
-0.763113
-0.560692
-0.642279
-0.385130
-0.816840
-2.267087
-0.808652
-0.739012
-0.978864
-1.070926
-1.229539
-1.510002
-1.015931
-2.447650
-2.399889
0.099403
-2.118574
-0.343281
-0.952591
-1.181512
-0.120419
-0.445327
-1.271924
-1.617021
-1.958336
-1.053994
-0.826125
-0.854484
-1.473157
-1.089311
-1.203362
-2.222631
-1.163453
-1.645778
-0.462296
-1.599791
-1.552748
-0.456750
-1.429688
-1.780043
-1.978183
-1.000193
-0.538089
-1.616446
-2.018754
-3.783157
-0.705060
-2.425786
-0.273369
-0.744058
-0.534576
-0.629726
-1.484410
-2.214831
-0.771058
-0.482098
-1.947901
-1.279819
-0.627162
-0.764112
-1.167933
-1.233053
-1.509006
-1.552367
-0.757706
-1.167933
-1.284942
-1.246104
-1.020265
-0.354045
-1.037694
-1.707471
-0.943595
-1.805966
-1.193040
-0.611902
-2.376206
-1.978759
-0.526968
-0.486690
-3.187020
-0.730613
-0.558379
-1.725033
-0.425417
-1.340049
-0.716811
-1.081435
-0.890071
-0.491752
-1.263357
-0.262149
-2.946757
-0.602895
-0.126335
-1.458294
-1.203002
-1.142906
0.135778
-2.071699
-1.167933
-1.161351
-0.947838
-1.276437
-1.315790
-1.718687
-1.049124
-1.679380
-2.183800
-0.519064
-0.788580
-0.856923
-0.858662
-1.049140
-1.640064
-1.167933
-2.184491
-0.535373
-1.559209
-1.208700
-2.500203
-1.823261
-1.154608
-0.704959
-1.139212
-1.334243
-1.325098
-0.178488
-0.620788
-2.500492
-1.618305
-1.450997
-1.782956
-0.542743
-1.123703
-1.548036
-1.112020
-1.167933
-1.066406
-0.628308
-2.095665
-0.730142
-0.747522
-1.904117
-0.467978
-1.585669
-0.521118
-0.872544
-1.406777
-0.710211
-1.473928
-0.634635
-1.176062
-1.604553
-1.240460
-1.738168
-1.118008
-0.617421
-1.216755
-1.820767
-1.281657
-1.292572
-0.781097
-0.465255
-1.352817
-1.681650
-1.389837
-1.364413
-1.124190
-1.003128
-0.762051
-0.858297
-0.281759
-0.244376
-0.672846
-1.095674
-1.617249
-0.325108
-1.995952
-2.055512
-2.310702
-1.834439
-1.023600
-1.443030
-1.058506
-2.021173
-1.167933
-1.167933
-1.167933
-1.039627
-1.167933
-0.514442
-1.590054
-0.722770
-0.711137
-0.769823
-2.645817
-1.545326
-1.167933
-0.718023
-1.648202
-1.675127
-0.801556
-0.520983
-1.135241
-2.089418
-0.882249
-2.141620
-2.079590
-0.680034
-1.757858
-0.431140
-0.741366
-0.845960
-1.760985
-0.502003
-1.917826
-2.029887
-1.750814
-1.856649
-1.719486
-2.352134
-1.166834
-1.835657
-0.875661
-1.536538
-0.978546
-0.774421
-1.266002
-1.000363
-1.147680
-1.216957
-1.806192
-1.031473
-0.919005
-1.167933
-3.080705
-1.492768
-0.279404
-1.929720
-1.998713
-2.203110
-2.143505
-1.472556
-0.809876
-1.097804
-1.390572
-0.794170
-1.403294
-0.879605
-1.681156
-1.477404
-1.248664
-1.260869
-0.773643
-0.676601
-1.234873
-2.673826
-1.456685
-1.076552
-1.524939
-0.592951
-2.988578
-2.603386
-1.361966
-0.962589
-1.371272
-0.908495
-1.015540
-1.175600
-1.380297
-1.195978
-1.050090
-0.833446
-0.681020
-1.011139
-0.705486
-1.241038
-1.272127
-1.475344
-1.185331
-1.441441
-1.058507
-0.517555
-1.757551
-2.738882
-2.607255
-2.245511
-1.819142
-1.541728
-0.696585
0.166455
-0.316042
-2.647177
-0.927927
-1.481036
-1.009442
-1.816927
-0.323406
-0.704217
-0.685897
-2.625358
-1.116458
-1.015790
-1.269240
-2.609384
-0.337635
-0.591146
-0.712528
-1.571006
-0.465791
-2.064308
-1.686548
-1.232402
-0.720811
-1.404430
-0.948283
-1.701680
-0.697944
-1.045286
-1.950606
-1.704730
-2.636698
-0.457969
-0.307163
-1.207612
-1.081191
-2.709197
-1.718018
-1.401701
-1.583691
-0.922064
-1.170886
-2.938219
-0.608816
-1.167933
-1.353995
-1.368080
-0.907274
-0.858703
-1.142638
-0.608509
-0.783663
-0.943937
-2.316135
-0.579927
-0.090354
-1.058387
-0.617767
-0.996686
-3.335540
-1.710221
-1.124533
-1.167933
-1.562895
-0.961436
-1.167933
-0.694385
-0.921683
-0.634865
-1.524371
-3.025444
-0.734566
-1.399931
-0.508058
-0.576352
-1.691730
-1.369319
-0.197303
-1.680593
-0.700345
-1.667097
-1.703962
-1.167933
-0.497437
-0.206433
-1.769738
-1.167933
-0.680749
-2.272035
-0.806772
-1.146248
-0.720916
-1.418992
-1.179500
-1.298151
-1.853254
-2.133318
-0.934013
-1.678947
-1.111403
0.043121
-1.071263
-2.634390
-1.561281
-0.863834
-1.460069
-0.248051
-0.681112
-3.164298
-1.126710
-0.996133
-1.483352
-0.502287
-2.249250
-1.505550
-0.991926
-1.629562
-2.029606
-0.518860
-1.053942
-0.374615
-1.050296
-0.526066
-1.570918
-1.484079
-0.894332
-1.167933
-0.807292
-0.798504
-1.100398
-1.637620
-1.684337
-1.989179
-0.318798
-1.988883
-1.390239
-0.428651
-1.079021
-1.511233
-1.818429
-0.537571
-2.283922
-0.567810
-1.078524
-0.166760
-2.677932
-1.183450
-1.028051
-0.891930
-1.167933
-2.036499
