-2.348496
-0.180064
-0.023065
-0.495676
-1.215933
-0.371063
-0.477712
-0.196320
-0.473380
-1.491938
-0.231821
-2.120914
-1.979187
-0.594745
-0.213676
-0.658236
-0.498154
-1.835331
-0.040207
-0.192589
-0.153751
-0.324316
-1.284180
-1.130495
0.072331
-0.537387
-0.286128
-1.231329
-1.481917
-0.120283
-2.493091
-0.056545
-1.968880
-0.506405
-0.497215
-1.504062
-0.390566
-1.206951
-0.495218
-0.854221
-0.745353
-2.462034
-0.521954
-0.723186
-1.213518
-2.461273
-1.116086
-0.492494
-0.621426
-0.495500
-0.495218
-0.601249
-1.073315
-0.633962
-1.322276
-2.136884
-2.693897
-0.212163
-0.258461
-0.283917
-2.189381
-0.196281
-0.141953
-2.614903
-0.864610
-0.189591
-2.228582
-0.005830
-1.539276
-0.836966
-0.213178
-0.394859
-0.285627
-0.437530
-0.101154
-0.348292
-1.278180
-0.615924
-0.403335
-0.348915
-0.954367
-0.547844
-0.952215
-1.177702
-0.212654
-0.257328
0.001806
-0.555619
-0.127918
-0.495218
-0.559159
-1.072549
-0.495218
-0.460057
-0.455792
-0.623581
-0.544780
-1.294458
-1.482790
-0.418441
-0.495218
-2.618767
-0.213075
-0.105657
-0.521007
-1.209620
-1.013485
-1.741199
-0.245546
-0.222875
-0.659012
-0.657853
-0.228301
-0.495218
-0.794034
-0.491168
-0.248302
-0.594258
-0.657308
-1.841671
-1.164275
-0.715779
-1.686240
-0.453182
0.116450
-0.495995
-0.929690
-1.130420
-1.235703
-0.268765
-1.156833
-1.087445
-0.530772
-0.312144
-0.610118
-0.396297
-0.755595
-0.639675
-0.510621
-0.101796
-0.495218
-1.165163
-0.356990
-0.494899
-1.297637
-0.495218
-0.151934
-0.240365
-0.480474
-0.816675
-0.469735
-1.320230
-0.379868
-0.404433
-0.702750
-0.222304
-0.496644
-0.957032
-1.520252
-0.038164
0.017702
-0.495218
-0.733723
-0.235578
-0.028105
-0.740860
-0.522941
-0.189103
-0.946930
-0.687118
-0.743910
-0.592959
-0.244138
-0.239823
-0.566368
-0.440480
-1.790011
-1.288276
-2.545672
-0.166169
-0.505660
-0.213248
-0.191731
-0.778529
-1.739588
0.027471
-0.200203
-0.259847
-0.495218
-0.151975
-0.322805
-0.290021
-0.503021
-0.644530
-2.454629
-0.139529
-0.495218
-1.521889
0.137991
-0.495218
-0.326839
-0.588710
-2.270187
-0.689781
-2.950870
-0.481601
-1.452250
-0.197124
-1.189237
-1.292953
-0.643666
-0.525472
-0.495218
-0.689547
-1.842680
-0.383539
0.014868
-0.189021
-1.897372
-0.394853
-1.941963
-0.560080
-0.547151
-0.439374
-0.182375
-0.192036
-1.211960
-1.049876
-1.352747
0.024718
-1.897771
-1.101637
-0.383782
-0.875155
-0.494318
-0.495218
-0.496891
-0.215111
-0.073397
-0.036078
-1.136995
-0.538732
-0.325542
-0.508355
-1.482974
-1.232372
-1.070409
-0.434901
-0.085845
-1.232425
-1.349697
-0.321227
-1.539767
-0.495218
-1.090872
-0.571640
-0.401777
0.370327
-0.409155
-1.534921
-0.311435
-0.196723
-0.541896
-0.737071
-0.651430
-2.240538
-1.120339
-0.495218
-0.237377
-0.438228
-1.187049
-1.681806
-0.499135
-0.503548
-0.778692
-2.553358
-0.472316
-0.185288
-0.845430
-0.013689
-0.665517
-0.977948
0.051276
-0.533158
-0.204573
-0.171104
-0.419147
-0.246606
0.099822
-0.545296
-0.495218
-0.344894
-1.836578
0.129833
-0.305581
-0.436735
-0.526770
-0.399791
-0.495218
-0.495218
-1.687232
-2.273695
-1.973726
-0.964349
-0.434818
-2.662799
-0.572893
-1.158731
-0.093941
-1.267380
-1.262126
-1.811539
-0.314095
-0.025599
-0.479126
-1.919888
-1.572609
-0.734285
-0.196276
-0.220978
0.120057
-0.769606
-0.495218
-0.571588
-0.266277
-0.685365
-1.304574
-0.494409
-2.651969
-0.209784
-0.263698
-0.925763
-0.044313
-2.433563
-1.456722
0.225726
-0.895107
-0.495218
-0.361989
-0.503413
-0.086921
-0.080962
-0.474739
-0.796238
-0.832158
-0.178841
-0.680095
-0.183911
-0.613580
-2.149103
0.024653
-0.392608
-0.832980
0.021206
-0.496985
-0.591287
-0.196021
-0.248526
-0.912925
-0.373740
-0.104009
-0.469448
-0.060971
-0.495218
-0.514055
-0.693475
-0.637066
0.079648
-0.656356
-0.040804
-0.495218
-2.305020
-0.154546
-0.916504
0.141621
-0.291035
-0.473248
-0.434712
-0.223118
-0.511256
-1.689047
-0.195026
-0.243649
-0.073932
-0.495218
-0.446830
-0.504316
-0.312269
-1.241298
-0.503722
-0.495218
-1.156406
-0.404991
-1.496825
-0.586094
-0.528469
0.057445
-0.497834
-0.701044
-0.365581
-1.873051
-0.302042
-0.637958
-0.216208
-0.350602
-1.215377
-0.679707
-0.419922
-0.493254
-0.516770
-0.487333
-0.923108
-0.274652
-1.095787
-0.512409
-0.494477
0.690363
-0.495218
-1.103324
-0.141534
-0.653754
-0.490783
-1.189290
-0.827694
-2.195320
-0.560714
-0.265547
-0.402680
0.056990
-0.748194
-0.513598
-0.605426
-1.604994
-0.106852
-0.495218
-0.601094
-0.467608
-1.604928
-0.236862
-2.843904
-0.420043
0.239069
-0.495218
-0.552461
-1.330870
-0.483495
-0.054206
-0.579478
0.318665
-0.680341
-0.212718
-0.679101
-0.759969
-0.681433
-0.495218
-0.843231
-0.500290
-0.155534
-0.132249
-0.104872
-0.598716
-0.566274
-0.606773
-0.220636
-0.227108
-0.644770
-0.955406
-0.205487
-0.788186
-0.155596
-0.064932
-1.316206
-0.551142
-2.356829
-1.183064
-0.684633
-0.615769
-0.127910
-0.495218
-0.486336
-0.079916
-0.619605
-0.269809
-0.731961
-0.135196
-0.495218
-0.496162
-0.514701
-0.417963
-0.495218
-0.726219
-0.430971
-0.495030
-0.920090
-2.276260
-2.388080
-0.308562
-0.175784
-1.045748
-0.495218
-0.598798
-0.127049
-0.586041
-0.816452
-0.513594
-0.437700
-0.159029
-0.573148
0.001557
-0.497411
-1.731761
-0.418054
-1.995416
-0.495218
-0.374136
0.238702
0.080950
-0.671306
-0.501049
-0.528421
-0.331449
-1.288736
-0.623076
-0.813537
-0.496726
-1.189184
-0.480264
-2.359311
-0.023848
-1.173232
0.101868
-0.499471
-1.372975
-0.993613
0.084815
-0.553533
-0.267344
-0.550960
-0.264802
-0.266453
-0.123038
-0.373367
-1.439156
-0.036288
-0.681778
-1.258639
-1.161759
-1.005467
-1.143258
-0.113949
-0.511771
-0.296826
-2.218058
-0.785861
-0.711535
-0.270097
-0.012669
-0.495218
-1.201042
-0.495218
-0.335041
-0.144662
-0.674184
-0.226708
-0.524371
-0.407240
-0.613861
-0.496682
-0.267702
-0.259540
0.059161
-0.612479
-0.493683
-1.114865
-0.311903
-1.675301
-0.495218
-0.043709
-0.283673
-0.493984
-1.240615
-1.417814
-0.512111
-1.421936
-1.366881
-0.102826
-0.969331
-0.264531
-2.521711
-0.495218
-0.355535
-0.535723
-0.211228
-0.734132
-0.874909
-0.475560
-0.513546
-2.358293
-0.387083
-0.141554
-0.123379
-0.891642
-0.517946
-0.290187
-0.495218
-0.535157
-0.520112
-0.102541
-1.131613
-0.495218
-0.377321
-0.119630
-1.973591
-0.528688
-2.400451
0.030136
-0.128824
-0.537492
-1.793156
-0.495218
-0.643323
-0.495218
-0.136275
-0.750121
-0.363805
-0.306913
0.029885
-1.157577
-1.788909
-0.265719
-2.464656
-0.495218
-0.264981
-0.495218
-0.091238
-0.227740
-0.851876
-1.973539
-0.270741
-0.748817
-0.141206
-0.856559
-0.598361
-0.556573
-0.495218
-0.500946
-2.287966
-0.370047
-0.722874
-1.019434
-0.523399
-0.165940
-2.142980
-0.315853
-2.308028
-0.977885
-0.852044
-0.524172
-1.889635
-0.448441
-0.063833
-0.893172
-0.946216
-0.158163
-2.481249
-1.418159
-0.555345
-1.321324
-0.310751
-0.320888
-0.613501
-0.255464
-0.359254
-0.878678
-0.531901
-0.494624
-1.750561
-0.580664
-0.152821
-0.234783
-0.243883
-1.066020
0.019316
-0.132993
-0.374532
-0.249954
-0.495218
-0.480502
-1.161617
-0.345956
-1.164878
-1.139971
-0.532296
-1.353286
-0.509313
-0.242372
-2.539775
-0.495218
-0.618455
-0.312958
-1.613185
-0.502305
-0.503249
-0.605664
-1.862766
-0.091005
-0.631907
-2.197169
-2.497077
-1.433344
-0.270164
-2.255841
-0.481805
-0.304670
-1.367171
-0.863148
-0.495058
0.147391
-0.496535
-0.259152
-1.791741
-0.509287
-0.495218
-0.495218
-0.668075
-1.063850
-0.495218
-0.412695
-1.993705
-0.495218
-0.650773
-0.708730
-0.369034
-0.936447
-1.372744
-0.182629
-0.585175
-0.012396
-0.509906
-0.570952
-0.221840
-0.302214
0.079962
-0.241664
-0.295918
-0.843204
-0.505800
-0.315729
-0.605241
-1.017655
-2.162308
-0.988122
-0.481875
-0.047117
-0.619373
-2.096131
-0.797384
-1.905802
-0.482916
-1.055478
-0.328429
-0.243219
-0.512348
-0.510313
-0.507892
-0.787488
-0.176572
-0.893836
-0.487314
-0.627827
-0.460447
-2.313633
-0.110622
-0.467529
-0.728632
-1.953017
-0.031752
-0.495664
-0.384023
-0.523697
-0.153979
-0.157154
-0.229869
-0.889528
-0.261925
-0.167929
-0.283651
-1.229111
-1.340192
-0.653486
-0.515139
-1.040231
-1.647711
-0.362022
-0.647674
-1.334913
-0.211854
0.283053
-0.505724
-0.804373
-1.054053
-0.516721
-0.293667
-0.230833
0.434407
-0.496537
-0.110554
-0.267390
-0.506812
-1.136159
-0.270090
-0.484942
-0.196624
-0.383144
-0.579023
-0.783416
-1.982227
-0.620416
-0.249085
-2.006074
-2.663377
-1.431856
-0.494139
-0.268905
-0.298205
-1.029341
-1.480727
-0.292812
-0.137982
-0.194877
-0.709599
-1.434865
-0.367178
-0.031634
-0.268280
-1.121783
0.120127
-0.503913
-0.609090
-0.904202
-2.334106
-0.352715
-0.382199
-0.631699
-1.051249
-0.495391
-0.037619
-1.688549
-0.091865
-1.055355
-0.713184
-1.427915
-0.524304
-0.112089
-0.503036
0.570509
-0.281564
-1.192614
-0.875575
-0.497549
-0.646691
-0.509803
-0.542853
-0.149400
-2.375317
-0.424681
-2.095865
-0.156018
-1.317144
-0.148829
-0.484893
-0.879038
-0.496325
-0.148239
0.373951
-0.281784
-1.055941
-2.179510
-1.118199
-2.550880
-0.816897
-0.313469
-0.291559
-0.502017
-0.494725
-0.269181
-0.112835
-0.320783
-1.050500
-0.326060
-0.272848
-0.039897
-0.462208
-0.289518
-1.103879
-0.530257
-1.029933
-0.495218
-1.098621
-0.162565
-0.311258
-0.506817
-0.673169
-0.604742
-0.213765
-0.600101
-0.106499
-0.324588
-2.606071
-0.263153
-0.318820
-0.121153
-0.938991
-0.231190
-2.257749
-1.085348
-1.772172
-0.563370
-0.638703
-0.721185
-1.276564
-0.278232
-0.651274
-0.529652
-0.147794
-1.471007
-0.444269
-2.358428
-0.406102
-2.080938
-0.495218
-0.917177
-0.560714
-0.095268
-1.162982
-1.194373
-0.322014
-1.507725
-1.000953
-0.495218
-0.874104
-2.790394
-1.142376
-0.495218
-0.125457
-0.258697
-0.159568
-1.129190
-0.869104
0.133514
-2.748166
0.191823
-0.142861
-1.258467
-0.523580
-0.946024
-0.574412
-0.218798
-1.107422
-0.495218
-0.508113
-1.062836
-0.454915
-1.138927
-0.578143
-0.224515
-0.492972
-1.076617
-0.465546
-0.157122
-0.966636
-0.531417
-0.518277
-0.675676
-0.293936
-0.315374
-0.495695
-0.183968
-0.573577
-0.066424
-1.221170
-1.130275
-0.230709
-1.537395
-0.473239
-0.495218
-2.360987
-0.619822
-1.238877
-1.834574
-0.232596
-0.130368
-0.064857
-0.683227
-0.413949
-0.817737
-1.931416
-0.435691
-0.463989
-0.568209
-1.666310
-0.673642
-0.347634
-2.187275
-0.906652
-0.490272
-0.172933
-0.542493
-0.390320
-0.346340
-0.608947
-0.068774
-0.823213
-0.495218
-0.309359
-0.598800
-0.242675
-2.262187
-0.505873
-0.503654
-0.637715
-0.766953
-1.170103
-1.766838
-0.835323
-0.511771
-1.165404
-0.524262
-0.569315
-0.435669
-1.178127
-0.371146
0.180363
-0.495218
-0.495218
0.016468
-0.501267
-0.505905
-0.806604
-0.391212
-0.467378
-2.307502
-0.752694
-0.309079
-0.909571
-1.592996
-0.662967
-0.196662
-0.495218
-1.090532
-0.708499
-0.494750
-0.169555
-0.495218
-1.703900
-1.257478
-0.182968
-0.134287
-0.512537
-0.493926
-1.199238
-0.459027
-1.030205
-0.215612
-0.551188
-0.656548
-0.143056
-0.515516
-1.873023
-0.594125
-0.885224
-0.822153
-0.224481
-0.212526
-0.328952
-0.725218
-0.495218
-0.304124
-0.148706
-0.542037
-0.039191
-0.530378
-0.002973
-0.221677
-0.369225
-0.557134
-0.458367
-0.223130
-0.364672
-1.010686
-0.255122
0.052997
-1.214035
-0.919907
-0.668552
-1.714073
-2.438267
-1.823266
-0.502449
-1.767523
-2.047169
-0.183333
-0.616584
-0.495218
-0.249950
-0.455875
-0.348009
-0.454348
-0.777745
-0.654994
-1.705513
-2.442449
-0.168700
-0.292408
-0.458649
-0.679085
-0.722994
-0.304555
-0.253180
-0.339052
-1.021185
-0.413833
-0.496145
-0.415275
-1.003346
-1.049885
-0.410053
-0.495218
0.030943
-0.262430
-0.959766
-1.401914
-0.208019
-0.309994
-0.491544
-0.499134
-0.585283
-0.565560
-0.042034
-0.281553
-1.047003
-0.518462
-1.426530
-0.746010
-0.507539
-2.237144
-0.415023
-1.250123
-1.172622
-0.752095
-0.371145
-0.209456
-1.772600
-2.079145
-0.215222
-1.310779
-1.442931
-0.495218
-1.104890
-0.583349
-0.705505
-1.586979
-0.292238
0.483395
-0.066529
-0.491241
-1.443030
-1.759110
-0.569763
-0.524861
-0.910832
-0.155562
-0.510546
-1.018979
-0.971385
-0.460853
-2.278731
-0.329409
-1.082076
-0.397493
-1.079975
-0.081682
-0.525094
-0.501278
-0.323212
-2.253184
-0.483202
-0.528312
-0.198421
-0.392665
-0.115571
-0.495218
-0.331475
-0.668704
-0.488238
-0.344801
0.011507
-0.138923
-0.285837
-0.495218
-0.489624
-0.522347
-1.910612
-0.452895
-2.235295
-0.891383
-0.606769
-0.546974
-0.042078
-0.495218
-0.394368
-0.563884
-0.403397
-0.625822
-0.085800
-0.114538
-0.528084
-1.239507
-0.474128
-1.211701
-0.055161
-0.268478
-0.799772
-1.157090
-0.478456
-0.495218
-0.084971
-0.375981
-0.485464
-0.909376
-0.507558
-0.216782
-0.582632
-0.336175
-0.289701
-0.799623
-0.122758
-1.019669
-0.452330
-1.785680
0.111946
-2.191581
-0.678290
-0.585874
-0.518637
-0.340032
-1.117520
-1.034792
-0.231579
-0.340349
-1.603061
-0.495218
-0.271619
0.226127
-0.229801
-0.859491
-0.333186
-0.236129
-0.495218
-0.509624
-0.644451
-0.154321
-0.541692
-0.495218
-0.752844
-0.495628
-0.258044
-0.388417
-0.358663
-0.439721
-0.602748
-0.681074
-0.630057
-0.385831
-0.495218
-1.302916
-0.479342
-1.971851
0.002528
-0.109223
-0.148208
-0.052868
-0.446970
-0.847827
-1.403655
-1.332145
-1.296039
-0.236247
-2.473499
-0.463796
-1.046057
-0.446677
-0.327366
-0.148755
-0.748447
-0.515243
-1.425075
-1.136618
-1.878568
-2.128313
-0.226177
-0.171565
-1.174229
-0.217523
-0.957596
-0.305386
-0.120709
-0.455646
-0.692803
-0.172576
-1.246100
-0.480457
-1.715691
-0.212948
-1.249188
-0.653111
-0.542091
-0.496161
-0.133480
-0.172047
-0.635427
-1.326086
-0.581425
-1.008389
-0.338866
-1.041966
-1.108309
-0.148550
-0.611606
-0.249465
-0.409418
-0.530142
-2.139992
-0.508214
-0.900772
-2.376634
-1.698946
-0.389465
-0.323235
-0.260891
-0.244377
-0.432793
-1.977815
-0.270447
-0.644139
-0.740086
-1.165378
-1.518462
-1.900799
-0.247683
-0.662204
-0.561060
-0.714767
-0.636703
-1.676991
0.070619
0.031427
-0.234501
-0.385042
-0.030028
-0.150823
-0.492169
-0.495535
-0.496511
-0.028369
-0.596775
-0.149172
-0.512115
-1.229292
-0.341309
-0.220965
-0.103133
-0.286301
-2.429134
-0.769059
-0.298695
-0.128513
0.086890
-0.495858
-1.094939
-1.299524
-0.921283
0.045157
-0.294505
-1.424976
-0.496425
-0.504298
-1.228008
-0.624862
-0.591491
-0.495218
-0.432465
-0.666893
-0.447577
-1.766646
-1.055113
-2.384282
-0.686694
-0.323529
-0.098515
-0.494138
-1.214483
-0.733077
-0.363879
-1.149408
-0.743617
-0.501167
-2.117380
-0.191748
-0.593243
-0.495218
-0.753971
-0.238907
-0.145348
-0.468238
-0.105421
-0.673265
-0.038266
-0.495218
-0.395691
-1.601427
-0.109510
-0.495218
-1.404225
-0.420681
-1.270202
-0.102810
-1.262795
-0.326178
-0.769029
-0.472593
-0.266812
-0.496416
-0.203666
-1.082632
-0.344159
-0.090497
-0.546650
-1.157324
-1.168629
-0.495218
-0.462599
-0.494953
-1.032264
0.569319
-0.735643
-1.815105
-0.332526
-0.684001
-0.412189
-0.413020
-0.492673
-1.168995
-0.550431
-0.477661
-1.037796
-2.739317
-1.541734
-0.116834
-0.746124
-0.230993
-0.476945
-0.847619
-0.249672
-0.409337
-1.097216
-1.783143
-0.422233
-0.447725
-1.444255
0.096187
-0.202206
-0.148580
-0.495218
-0.401228
-0.230719
-1.456181
-0.546338
-1.656387
-0.708721
-0.354460
-0.286517
-0.476619
-1.261160
-0.357030
-0.300185
-0.187295
-1.381435
-0.716143
-1.846995
-1.270155
-0.067856
-0.521902
-0.252638
-0.489449
-0.082553
-0.458713
-0.220384
-1.474520
-1.337169
-0.228628
-1.393768
-0.079088
-0.081356
-0.611497
-0.273727
-0.086397
-0.141589
-0.121801
-0.206324
-2.115959
-0.468134
-1.014807
-0.275699
-0.495218
-0.279851
-0.302295
-0.495218
-0.264439
-0.391825
-0.250572
-0.245186
-0.441732
-1.525980
-0.250398
-0.194466
-0.632123
-0.496011
-1.062462
-0.483073
-2.179361
-0.530845
-0.566067
-0.495218
-0.495748
0.790326
-0.496733
-0.539896
-0.495569
-0.798235
-1.768714
-0.448079
-0.297480
-0.481909
-1.363620
-2.263945
-0.242902
-0.495218
-0.040861
-1.643277
-0.319976
-0.749331
-0.192557
-0.471971
-1.296230
-0.346046
-0.503163
-0.376307
0.074632
-0.821965
-0.496329
-1.463971
-0.290090
-0.627603
-0.930759
-0.659741
-0.204410
-1.314248
0.122699
-0.279504
-0.263605
-0.480297
-0.343890
-0.781633
-1.171578
-0.494913
-1.760056
-1.146765
-0.308419
-0.060580
-0.872754
-0.286941
-1.814848
-1.281249
-1.318829
-0.705507
-1.227798
-0.038444
-2.764878
-0.966449
-0.496407
-0.507504
-0.094616
-0.581628
-0.335991
-0.207205
-0.495797
-0.611782
-1.307999
-0.744668
-0.180758
-0.032763
-0.728050
-2.330899
-1.393531
-0.450414
-0.723368
-0.495218
-1.632852
-1.179334
-0.598551
-0.623702
-0.508645
-0.229441
-1.344966
-0.495218
-0.100585
-1.328225
0.035123
-0.930229
-0.187346
-0.733436
-0.318927
-0.085337
-0.676454
-0.355036
-0.629638
-0.260757
-0.367910
-0.210205
-0.495348
-0.323113
-0.553092
-0.226845
-0.299198
-0.590599
-0.679891
-1.032513
-0.504477
-0.291045
-0.102070
-0.495218
-0.585792
-0.494272
-0.495218
-0.355539
-0.493843
-2.276109
-0.342400
-0.496218
-0.905420
-1.242473
-0.447598
-0.494981
-0.304779
-0.595653
-1.783797
-0.484654
-0.494931
-0.326020
-0.666585
0.423727
0.088321
-0.630335
-0.154422
-0.495979
-0.114577
-1.163417
-0.934742
-0.328161
-0.515066
-0.495944
-0.162973
0.036826
-0.838597
-0.494994
-0.096309
-0.309882
-0.495218
0.022566
-0.559398
-0.469986
-0.148950
0.007916
-0.494232
-0.657802
-0.137111
-0.297678
-0.358907
-1.067322
-0.353939
-0.110097
-1.399101
-0.276433
-0.360792
-1.015994
-2.534383
-1.283827
-0.624544
-1.389235
-1.788517
-0.500931
-0.331351
-0.278256
-0.359518
-1.360473
-1.673414
-0.044650
-0.480195
-2.155645
-0.627187
0.168208
-0.147674
0.041800
-0.579162
-1.274630
-2.291463
-0.245796
-0.395448
-1.066042
-0.211205
-0.294856
-1.720464
-1.384994
-0.191356
-2.356119
-0.471960
-0.983868
-0.495799
-1.292741
-0.495218
-0.788742
-0.667485
-0.119063
-2.548430
-0.268460
0.086923
-0.439783
-2.187984
-0.507324
-1.747040
-0.222065
-0.350221
-1.073277
-0.800975
-0.353002
-0.190906
-0.978957
-0.184677
-0.686323
-0.393727
-0.358628
0.020192
-0.050967
-0.128943
-1.238269
-0.247111
-1.348962
-0.228404
-0.670410
-0.604134
-1.707485
-0.282396
-1.045097
-0.224416
-0.691638
0.087352
-0.313551
-1.302570
-0.252640
-2.023176
-1.151054
-0.609474
-1.109968
-0.635923
-0.507215
-0.946591
-0.270150
-0.530834
0.043338
-1.584064
-0.470081
-2.257478
-1.010731
-0.548567
-0.318072
0.157869
-0.640039
-0.437551
-1.334505
-0.495332
-0.740501
-1.147549
-0.893970
-2.092763
-0.612122
-1.027665
-1.183819
-1.970337
-0.075760
-1.713152
-0.494090
-0.495218
-0.495218
-0.221797
-0.273636
-0.331927
-1.329716
-0.315261
-0.336005
-0.327357
-0.530482
-0.403699
-1.941985
-0.154324
-0.647406
-1.081298
-0.702303
-0.395444
-0.444056
-1.726155
-1.126588
-0.317067
-1.874885
-0.498370
-0.223463
-0.606909
-0.030970
-0.388752
-0.168595
-0.458578
-0.396982
0.629012
-1.646255
-0.495218
-1.008715
-2.111365
-0.288117
-0.309882
-0.341973
-0.316048
-0.579160
-0.099348
-0.118762
-0.493960
-2.240990
-0.495218
-0.181839
-0.620395
-0.771954
-0.523695
-0.533885
-2.197708
-1.647094
-0.119376
-1.116394
0.040067
-1.011162
-0.383945
-0.278731
-0.684873
-1.035739
-1.028600
-1.762436
-0.479872
-0.496152
-0.414678
-0.500485
-0.495218
-0.638238
-0.943533
-0.493121
-0.736106
-0.108441
-0.107395
-1.178947
-2.135818
-0.136816
-0.332206
-0.836408
-1.424784
-2.242490
-0.817846
-1.128545
-0.495218
-0.419344
-0.113126
-0.012801
-0.117926
0.040477
-1.594377
-0.611507
-2.320039
-0.013277
-0.322782
-1.850125
-0.609606
-0.753467
-1.109593
-0.454864
-0.630591
-0.495060
-2.507566
-0.089301
-0.544312
-0.388065
-0.298286
-0.415065
-0.378649
-0.184135
-0.341717
-0.167546
0.392449
-0.978394
-0.495218
-0.555934
-1.534155
-0.670164
-1.882278
-0.497135
-0.495218
-0.250138
-0.766996
-0.495218
-1.696196
-2.143480
-0.287719
-0.381635
-0.062641
-0.497993
-0.498139
-0.743175
-0.215617
-0.048486
-0.363381
-1.047773
-0.235502
-0.492022
-1.155017
-1.101346
-0.473777
-1.599102
-0.382574
-0.493583
-1.262242
-1.963774
-0.651448
-0.833122
-1.902127
-2.068749
-0.466635
-0.596546
-0.495218
-0.420428
-0.496292
-1.696422
-0.291430
-0.283259
0.338363
-2.061258
-0.231868
0.120372
-0.170551
-1.126356
-0.495676
-1.750621
-0.495218
-0.495218
-0.232980
-0.093220
-1.443781
-1.742540
-1.097805
-2.861282
-0.338561
-0.320410
0.042083
-0.138064
-1.283107
0.122234
-0.380439
-0.497134
-0.332955
-1.155544
-1.116838
-0.495218
-0.500645
-0.208653
-0.390834
-0.499741
-0.267338
-0.514548
-0.302552
-0.462225
-0.497828
-0.515868
-0.311902
-0.420373
-0.485880
-0.467002
-0.495218
-1.639789
-2.226333
-0.565533
-0.150442
-1.301514
-0.494666
-0.261495
-1.121974
-0.489553
-1.073226
-0.081339
-0.241759
-0.285879
-0.235444
-0.817886
-0.705253
-0.928159
-0.276039
-1.003415
0.090232
-0.532500
-0.532895
-1.501891
-0.873417
-0.493125
-1.839854
-0.389014
-0.751655
-0.283391
-0.196091
-0.929151
-1.337706
-0.059456
-0.208708
-0.510781
-0.480903
-1.125314
-0.689514
-0.367789
-2.889429
-1.023201
-0.521725
-0.232601
-0.601383
-0.494682
-1.086801
-1.657194
-0.241530
-1.204381
-2.568510
-1.115463
-1.116969
-0.509413
-0.527824
-0.162929
-1.060516
-1.146318
-0.496057
-0.541642
-0.243715
-0.319166
-0.670883
-0.613792
-0.495218
-0.233527
-1.916340
-0.453687
-0.335319
-0.503266
-0.078617
-0.475937
-0.498782
-1.937954
-0.722666
-1.226886
-0.370903
-0.440429
-1.447542
-0.985316
-1.995665
0.382031
-1.209177
-0.494910
-0.352566
-0.143643
-2.110911
-0.078128
-0.495218
-0.309619
-0.140270
-0.536062
-0.663976
0.025655
-0.504446
-0.267057
-0.156654
-0.398224
-0.530602
-0.496653
-0.094031
-1.737901
-0.738886
-2.492361
-0.206651
-0.495259
-0.594172
-0.279871
-0.482724
-0.595638
-0.157763
0.177979
-0.605972
0.078509
-1.311431
-0.693853
-0.521534
0.122760
-0.994311
-1.150565
-0.480442
-1.606886
-1.122949
-0.151559
-0.495218
-0.458147
-1.222604
-0.222827
-0.225628
-0.500264
-0.109348
-0.508135
-1.694352
-0.137997
-1.343618
-0.314108
-1.235782
-1.261115
-0.911628
0.560534
-0.142797
-0.940415
-0.197797
-1.001558
-0.067221
-0.609989
-0.184100
-0.448124
-1.774252
-0.495218
-0.953732
-0.495218
-2.211281
-0.156047
-2.001947
-0.303776
-0.323351
-0.150061
-0.218237
-0.029003
-0.593889
-0.487424
-0.518923
-0.155381
-0.506008
-0.155994
-0.949258
-0.778888
-1.003718
-0.501014
-0.253697
-0.472889
-0.162158
-0.244500
-1.263608
-0.288474
-0.422625
-0.246289
-0.366742
-0.533154
-0.536815
-0.281764
-0.323730
-0.480538
-0.363159
-1.650979
-0.155685
-0.497023
-0.480576
-1.227886
-0.464212
-1.572342
-0.714560
-0.657289
-1.431476
-0.194393
-0.600569
-0.936197
-0.984074
-0.505883
-0.415517
-2.459076
-0.626724
-1.330702
-0.335980
0.486087
-0.662248
-1.937671
-2.276228
-0.495218
-0.493696
-0.495218
-0.203362
-0.495218
-0.538173
-0.213727
-0.335995
-0.271634
-0.350008
-0.175107
-2.131148
-0.383261
-0.630761
-0.521792
-0.456701
-1.564122
0.135624
-0.700922
-0.417563
-0.611969
-0.509855
-0.519763
-0.264842
-0.742610
-0.187454
-0.507048
-0.671932
-0.225129
-0.393341
0.379197
-1.028077
-2.555357
-0.489939
0.318084
-0.196899
-1.321907
-0.223964
0.107310
-0.491738
-0.297942
-1.917743
-0.497745
0.073973
-0.786985
0.066097
-0.572201
-1.225833
-0.355898
-0.388642
-0.268471
-1.043314
-0.617066
-0.194849
-0.132992
-1.097090
-0.502500
-0.334553
-2.906053
-0.245088
-0.562928
-1.043042
-0.669754
-0.218618
-1.946195
-0.576618
-0.134274
-0.516707
-0.362388
-0.495218
-0.476307
-0.229777
-0.748242
-0.495218
-0.488132
-0.759188
-0.258373
-0.495218
-0.296221
-0.510678
-2.216918
-0.541225
0.003913
-0.522725
-0.696231
-0.034268
0.047744
-0.257664
-0.975132
-0.610854
-1.373647
-0.462902
-0.908407
-0.211529
-2.473423
-1.519473
-1.249165
-0.824484
-0.494355
-1.377552
0.383069
-1.642883
-2.407580
-0.286350
-0.597953
-0.999865
-0.495218
-0.551284
0.083856
-0.496571
-1.009282
-0.551510
-1.370346
-1.018937
-0.498293
-0.155470
-0.356065
-0.253055
-0.456354
-0.628696
-2.058320
-0.495218
-0.520096
-0.381385
-1.658624
-0.268022
-2.130305
-0.496311
-0.505935
-0.234222
-1.889900
-0.572567
-0.040310
-1.114500
-0.530691
-0.495218
-0.495218
-0.661426
-0.345232
-0.343616
-0.495218
-0.575871
-0.631207
-0.241373
-0.661603
-1.662659
-0.321227
-0.433429
-1.924356
-0.524299
-0.837430
-1.110965
-0.232400
-0.597929
-0.230969
-0.147056
-0.475212
-0.501508
-0.881075
-2.039846
-0.701333
-0.295273
-0.199771
-0.180567
-0.563573
-0.362436
-0.134671
-1.422559
-1.699511
-0.649482
-0.172214
-0.507530
-0.510092
-0.329403
-0.770101
-1.222702
-0.494299
-0.526833
-0.170596
-0.034724
-0.496351
-0.495227
-0.447630
-0.495218
-0.212541
-0.056837
-1.080756
-1.120141
-0.644888
-0.358882
-0.223851
-0.535551
-0.903592
-0.493685
-0.340756
-1.358299
-1.460174
-0.527254
-0.161919
-1.097866
-0.482631
-0.277878
-1.536807
-2.119063
-0.976781
-0.224734
-1.284310
-1.102004
-0.454957
-0.489925
-0.380835
-1.513053
-1.087685
-0.440615
-0.651721
-0.752018
-0.530283
-0.113935
-0.620188
-0.565731
0.150005
