-0.326920
-0.372782
-0.461998
-0.551689
-0.532692
-0.327922
-0.500664
-0.652377
-0.987321
-0.494078
-0.327291
-0.147448
-0.244252
-0.399712
-0.601153
-1.071303
-0.717326
0.033897
-0.495218
-1.031144
-1.874135
-0.322889
-0.700783
-0.332985
-0.841270
-0.657378
-0.381232
-1.775282
-1.323710
-1.490882
-0.265011
-1.184997
-0.514939
-0.212711
-0.496023
-0.523689
0.007379
-0.663051
-0.107089
-1.455476
-2.032423
-2.236825
-0.430196
-0.490832
-0.608772
-2.169583
-0.493596
-0.267993
-1.586050
-1.138021
-0.725647
-0.110792
-0.524838
0.045935
-1.165922
-0.495218
-1.284007
-0.315305
-1.171746
-0.687186
-0.517386
-0.267786
-0.498607
-0.596223
-0.547885
-0.157879
-0.505544
-0.439893
-0.408057
-0.977077
-0.334389
-0.343902
-0.051167
-1.043375
-0.496636
-0.389889
-0.190669
-0.946445
-0.507641
-0.371374
-1.204964
-0.515037
-1.436883
-0.125797
-0.786505
-0.542696
-0.708877
-1.056455
-0.495218
-1.317769
-0.497380
-0.284996
-0.251292
-0.513483
-0.597109
-0.427343
-0.495218
-0.495218
-1.508449
-0.510877
-0.963892
-0.216123
-0.654567
-0.617975
0.636558
-1.029460
-0.532584
-1.145368
-0.479193
-0.702021
-0.513388
-0.825931
-0.972705
-0.226944
-0.585968
0.143880
-0.257209
-0.010290
-0.547293
-2.213547
-0.523815
-0.097546
-2.048656
-0.864961
-0.129921
-0.227123
-0.887436
-1.822464
-1.048500
-0.496748
-0.514754
-0.249024
-0.207867
-0.538782
-1.468679
-0.898087
-0.495218
-0.860222
-1.180167
-1.456239
-1.050786
-0.574292
-0.205882
-0.980276
-0.946441
-0.271491
-0.743874
-0.495218
-0.592270
-0.544402
-0.540462
-0.194822
-0.513833
-1.127217
-0.332434
-0.512006
-0.305395
-0.097912
-1.517357
-0.194113
0.081747
-0.889132
-0.882794
-0.845514
-0.640647
-0.584147
-1.772133
-0.653704
-0.649343
-1.907008
-0.998427
-0.461247
-0.495218
-0.495218
-0.552981
-1.251204
-0.495218
-0.371200
-0.610389
-1.700461
-1.050460
-0.199757
0.164676
-0.464789
-0.440867
-0.387287
-0.446007
-0.334086
-1.034489
0.039376
-0.315817
-0.497805
-0.569584
-0.495218
-0.875478
-1.124918
-1.075172
-0.938397
-0.496794
-1.098420
-0.096036
-0.462233
-1.583137
-0.619664
-0.144455
-0.259589
-0.053335
-1.741467
-1.205197
-1.001593
-0.768361
-0.851529
-2.746952
-0.496835
-0.495218
-0.988630
-0.346566
-0.495858
-0.621147
-1.063257
-0.851909
-0.514470
-0.264747
0.111500
-0.900135
-0.497896
-0.113910
-0.159404
-0.467430
-0.352721
0.003672
-0.369870
-1.527354
-0.558527
-1.058785
-0.345499
-0.308376
-0.386650
-0.510855
-0.522173
-0.510842
-0.538023
-1.859953
-1.373523
-0.719430
-0.834389
-1.406023
-0.251898
-0.851265
-0.941138
-0.955545
0.025504
-0.514867
-0.495218
-0.301651
-0.498144
-2.189604
-0.492037
-0.896034
-0.923005
-0.569640
-0.350954
-2.036887
-1.248834
-0.603960
-1.060497
-0.251579
-0.320644
-0.362583
-0.503815
-1.836049
-0.499033
-1.217746
-0.620313
-1.289704
-0.505284
-0.256670
-0.626664
-0.333166
-0.451127
-0.646287
-2.611013
-0.480425
-0.503760
-0.721660
-0.337167
-0.582875
-0.356189
-0.253295
-0.097199
-1.645823
-0.186307
-0.354812
-0.762659
-0.471199
-1.069785
-0.515494
-1.375098
-0.387262
-0.367523
-0.449868
-0.686112
-0.000114
-0.376223
-0.691501
-0.567287
-0.495218
-0.045609
-0.846923
-0.470459
-0.202746
-1.102246
0.241198
-0.502078
-0.534184
-0.520235
0.073112
-0.370285
0.035355
-0.586717
-0.498662
-0.369694
-0.496857
-0.263647
-1.762796
-0.730365
-0.140527
-0.582479
-0.871330
-0.457049
-0.163850
-0.517312
-0.721937
-0.505236
-0.303775
-0.479691
-1.140684
-0.231364
-0.252930
-0.630373
-1.242534
-0.649321
-0.358575
-0.050019
-0.185457
-1.113878
-1.508317
-0.473689
-0.356344
-0.565541
-1.527740
-0.065208
-0.493510
-1.736801
-0.250015
-0.943916
-0.184752
-0.495218
-0.495218
-1.380453
-0.495218
-2.206115
-2.261429
-2.194402
0.458316
-0.581658
-0.690785
-1.950812
-0.385229
-0.361114
-0.060207
-0.285440
-0.086173
-0.228756
-0.969209
-0.395462
-0.376962
-0.357047
-0.494399
-0.381804
-0.871388
-0.280152
-1.101457
-1.898883
0.791214
-1.024661
0.303537
-0.400783
-0.597753
-0.086644
-0.499182
-0.773984
-0.825546
-1.160404
-0.582167
-0.492513
-0.398227
-1.133901
-0.529910
-0.379180
-1.066490
-0.438385
-1.769245
-0.496809
-0.583847
-0.624027
-0.264009
-1.083757
-1.038545
-1.174056
-0.478281
-0.170311
-0.639488
-0.993355
-2.857492
-0.053294
-1.766188
-0.268869
-0.367375
-0.503481
0.423206
-1.149236
-0.575042
-0.237942
-0.496519
-1.673159
-0.852521
-0.231540
-0.284391
-0.495218
-0.489597
-0.715442
-1.801960
-0.495480
-0.495218
-0.498855
-0.674256
-0.379012
-0.496331
-0.425359
-0.916206
-0.360036
-1.303832
-0.439454
-0.312847
-1.872689
-1.418148
-0.346009
-0.015272
-2.864277
-0.265048
-0.372584
-0.969317
-0.495855
-0.625276
-0.445866
-0.565059
-0.313440
-0.198305
-0.541477
-0.065397
-2.343116
-0.179542
-0.206908
-0.806733
-0.566395
-0.534828
0.185561
-0.641631
-0.495218
-0.470477
-0.455563
-0.531027
-0.743284
-0.512149
-0.589946
-0.865175
-0.607249
-0.177487
0.206291
-0.351017
-0.231318
-0.558032
-1.451360
-0.495218
-1.492864
-0.374032
-1.061193
-0.301666
-2.069881
-1.366119
-0.298046
-0.364530
-0.382095
-0.935511
-0.766835
-0.437833
-0.364684
-1.654213
-1.211746
-1.134317
-1.064467
-0.237610
-0.438607
-0.549843
-0.788858
-0.495218
-0.358348
-0.174917
-2.014371
-0.089079
-0.213206
-1.187529
-0.508820
-0.901370
-0.441781
-0.474616
-0.868205
-0.383272
-0.494166
-0.357490
-0.539680
-1.056590
-0.763564
-0.879149
-0.345234
-0.339118
-0.650161
-1.171573
-0.562916
-0.840249
-0.496261
-0.081368
-0.572197
-1.192412
-0.733431
-0.654827
-0.570703
-0.284126
-0.301725
-0.385492
-0.254590
-0.169739
-0.194984
-0.670281
-1.269516
-0.478999
-0.977083
-1.004104
-0.929487
-0.632624
-0.528605
-0.548261
-0.786223
-0.429118
-0.495218
-0.495218
-0.495218
-0.522261
-0.495218
-0.496575
-1.244746
-0.263115
-0.220441
-0.360564
-1.022241
-0.588029
-0.495218
-0.268230
-1.095930
-1.246854
-0.391839
-0.209922
-0.386973
-1.184090
-0.322390
-1.093567
-1.035736
0.004932
-0.620306
-0.102139
-0.370167
-0.526863
-0.863313
-0.461830
-0.840888
-0.754190
-1.504398
-1.729176
-0.767260
-1.597032
-0.483675
-1.031557
-0.325690
-0.738501
-0.276886
-0.502930
-0.387923
-0.476544
-0.506719
-0.630954
-1.246927
-0.506699
-0.317900
-0.495218
-2.030841
-0.801854
0.016026
-0.712217
-1.357904
-1.330304
-1.469932
-1.019590
-0.431462
-0.529190
-0.516173
-0.285147
-0.557615
-0.355248
-0.994303
-0.790053
-0.610381
-0.643997
-0.349653
-0.106223
-0.658708
-0.666495
-0.516397
-0.334273
-0.867116
-0.517551
-2.284592
-2.155946
-1.079073
-0.277748
-0.739999
-0.280167
-0.573387
-0.498218
-1.185683
-0.482017
-0.406695
-0.506919
-0.129160
-0.566917
-0.358060
-0.783746
-0.472268
-1.306493
-0.809585
-1.075900
-0.207446
-0.201486
-0.866136
-1.168722
-1.092365
-1.081488
-1.306442
-0.737000
-0.404011
-0.153839
0.029262
-2.630685
-0.473755
-0.478498
-0.373561
-0.657552
-0.069953
-0.335615
-0.066085
-1.712055
-0.234833
-0.462381
-0.511566
-2.417559
0.522122
-0.448198
-0.496744
-0.603223
-0.077969
-1.687475
-1.014315
-0.291810
-0.450151
-1.080521
-0.538456
-1.001768
-0.262756
-0.522816
-1.953112
-1.337106
-1.027903
-0.496709
-0.147731
-0.591180
-0.504000
-2.455951
-1.335518
-0.617878
-1.201493
-0.391624
-0.368050
-1.884464
-0.269524
-0.495218
-1.208785
-0.664070
-0.376761
-0.339004
-0.566669
-0.140550
-0.276421
-0.266268
-2.018572
-0.162070
-0.055484
-0.496045
-0.102267
-0.436245
-2.114900
-1.208467
-0.558560
-0.495218
-0.953312
-0.490866
-0.495218
-0.670020
-0.571448
-0.160525
-0.922097
-1.261261
-0.066224
-0.825429
-0.513313
-0.163651
-1.200912
-0.479582
-0.499799
-0.961066
-0.317356
-0.870323
-1.439880
-0.495218
-0.413972
-0.152382
-1.351319
-0.495218
-0.326429
-1.699716
-0.232645
-0.537468
-0.438457
-0.654068
-0.387279
-0.961514
-0.664751
-0.907506
-0.414408
-1.038591
-0.529919
0.039061
-0.109554
-2.539939
-0.991312
-0.138968
-0.835027
-0.185447
0.063058
-2.334460
-0.473583
-0.374582
-0.570731
-0.225840
-1.323794
-0.577906
-0.367799
-1.274989
-0.613767
-0.458178
-0.327880
-0.296830
-0.344499
0.252399
-1.082719
-0.851096
-0.303405
-0.495218
-0.252223
-0.474781
-0.668307
-0.873428
-0.575320
-1.687563
-0.254198
-1.072554
-1.024883
-0.069730
-0.250246
-0.456522
-0.697503
-0.526066
-1.146151
-0.044165
-0.492484
-0.172227
-1.879463
-0.547570
-0.500996
-0.268128
-0.495218
-1.267916
