1266
3045
1997
2777
288
1192
71
871
741
4005
1107
2325
3597
3563
2879
1452
588
2430
2690
3767
1779
1204
309
1979
942
344
1710
2067
1368
1488
780
1145
289
2941
4017
3002
3221
3678
949
1462
1897
969
3263
3939
226
1661
4034
1207
2808
3760
1144
3418
119
2358
2796
185
2821
2534
3724
296
3907
2624
909
1761
278
610
88
1720
1267
1004
2368
903
2503
1345
18
2256
2635
3330
3896
1771
3739
2640
1952
891
1153
3093
991
3352
2654
975
3982
1985
3383
2889
246
634
2886
3887
1548
164
1302
3618
271
3099
2564
421
3466
3766
3267
2101
108
1034
3312
1112
209
2556
3231
2589
1980
974
301
3295
1627
3752
3119
3534
1400
1421
934
50
3946
2927
3486
2315
2823
1862
2189
2688
2033
2542
2187
3844
2516
2726
1338
3114
379
2626
237
2869
188
2995
118
666
697
1677
3394
3125
1901
3241
1080
3318
1590
1525
1697
195
2160
605
861
1002
3322
2960
3491
1732
450
431
1679
1294
3446
1401
3663
1777
730
2929
2260
3464
2002
618
3749
2848
1184
3928
567
150
2605
2125
430
1482
3971
1608
1765
321
1313
866
3427
1217
2341
2082
737
3691
1396
1642
1445
25
3001
3726
1758
4028
1027
3348
357
457
2525
764
2546
3989
2670
3141
3469
3284
2471
676
1629
1760
2769
1058
3615
1996
154
3955
916
870
2053
2147
1506
2732
2793
2665
654
2802
1372
2587
152
578
2629
3995
1670
3894
1465
2725
2226
831
2692
2616
2307
748
2942
3233
2371
104
2063
72
2296
2317
3786
175
3129
680
3286
1295
310
2087
3811
1163
1652
2009
2237
1715
1056
1101
2168
2903
1128
3644
1986
1930
1849
422
845
2048
2715
403
3218
1270
752
225
2319
2362
1638
779
2949
2555
719
156
580
2753
2512
700
1054
644
585
499
286
3200
1564
345
2277
529
3412
3515
1084
639
3636
3915
3225
554
1390
3484
1122
308
1802
1311
2888
614
3132
1537
1314
139
1712
485
2604
2346
803
1953
2328
372
1085
2271
2175
2607
109
2110
1663
1617
2568
317
3000
977
503
3594
2579
3277
3425
1210
2207
1126
3463
904
5
2963
2548
2944
3746
2121
2558
3707
2501
3152
1840
3040
98
1480
1135
1476
3805
3990
3285
1801
407
3008
2019
3570
1304
53
232
2779
553
2103
2819
2137
3882
786
2770
3662
2102
2432
2148
1759
2035
3883
2575
1531
180
3107
24
1756
1513
3541
3353
691
2716
876
1944
21
3071
908
1684
2832
56
2585
2179
1279
2299
3264
1073
1672
2163
2882
629
2066
1183
822
1380
283
2193
1155
412
3204
1100
2479
3293
1622
3244
3550
1028
1689
2413
756
204
351
2306
1993
3948
1470
125
327
3437
192
3117
2513
3274
3393
1698
2080
2252
1744
1275
2554
1132
1414
1748
2563
3584
2662
1815
3630
3859
2376
2693
2691
3666
540
3616
3082
2750
1838
2449
2235
1585
1942
3222
1086
1148
3901
1474
2649
2650
1557
1269
66
789
2855
751
1370
2036
484
3503
1242
2812
3090
2853
52
3436
645
1504
941
874
2997
2510
3166
1156
807
1074
3037
598
1925
3880
2547
2599
3772
210
3799
687
1822
2484
1970
4036
476
486
630
3893
970
1205
3191
3047
369
257
2074
3172
1387
1644
1162
1230
2974
437
506
2782
2550
2493
2788
2329
2647
557
3316
3865
1809
343
1499
1780
358
1966
3526
943
1280
2543
950
3801
2961
489
114
595
1542
583
3287
3160
2064
392
765
3828
976
1814
1453
1547
3873
3909
106
945
2485
3250
3409
1641
3097
884
3213
2278
2044
220
2763
1191
735
273
2118
1671
1303
2383
1707
1118
3800
75
663
3268
1170
3979
910
456
3500
1018
2964
1493
1014
1502
3162
1290
394
3744
3716
1902
2155
1460
1327
3531
770
1424
1999
677
2982
3831
2465
493
2264
2162
3483
2247
151
1458
725
1719
3988
249
1059
661
2742
2720
1164
1594
3916
2196
490
3795
2069
1503
371
47
1060
3797
2050
1793
1737
3084
1307
2639
2519
989
790
2057
1494
601
3501
3600
3847
3183
2914
2902
1657
2270
3304
19
2275
2593
1413
3343
2229
1083
541
2259
2894
411
3812
2470
1364
3713
1051
1507
282
504
1042
1009
3970
1045
699
525
1487
2735
2998
3433
1369
1065
487
998
3104
584
3877
3688
512
2190
3815
1388
1297
3439
322
761
889
2055
2295
2365
1337
3587
2833
1562
2655
1729
234
1209
2602
352
1125
1752
216
3884
2979
3610
2006
734
1049
376
3280
3127
3625
3888
2309
2212
182
2287
3543
2600
2541
609
3109
2752
1023
1333
1607
2345
3895
3026
1655
879
326
2712
3323
469
