1887
3613
2458
23
1936
3612
2417
1228
3864
1354
3592
2824
2113
264
3137
608
83
655
952
2395
3551
1773
1833
659
3430
240
1975
467
420
3020
2065
3110
2825
3009
293
2614
1171
3398
3210
2034
1647
1794
3634
3643
3653
2123
3793
4042
2761
29
1766
202
2146
262
472
979
2081
2897
3595
3057
2093
2966
3171
2018
2723
3496
2128
2840
1432
2738
508
2885
3202
2644
3292
3359
2043
3100
958
3567
475
168
1848
1486
2628
3375
3158
304
2265
1708
198
3765
32
2852
3253
683
534
1420
2601
1296
1395
1791
2595
3528
931
3734
1150
2165
2274
1186
543
302
2939
2967
1535
3265
842
364
526
1664
3410
3631
2139
694
2494
39
3450
3763
1137
3462
539
478
2518
2631
1138
3373
933
1247
2416
3036
2047
1518
3617
2
3664
3054
3176
2980
140
1520
328
3788
885
1165
604
2946
3885
2743
1746
2366
1226
653
1511
2904
847
1479
165
1227
2211
2861
1596
2778
2895
2633
223
1278
2131
2790
2023
2389
281
511
2945
3413
2290
2326
2948
1977
491
1093
3385
3205
86
3686
1937
3061
2333
985
2836
1219
2717
2488
1416
1329
2012
3878
1423
3245
2208
471
3677
2874
3366
633
987
2246
848
3392
982
2890
1669
3637
3838
2657
3063
1236
1543
1807
2297
2337
1867
1371
2005
3770
4044
3839
3096
3489
628
773
538
587
2663
576
1549
2209
755
960
1071
1419
1376
1055
1789
3809
1496
1151
3588
2496
648
1402
1193
1291
574
3830
3087
2056
738
3589
510
3863
1597
2170
329
1033
915
1938
3094
1199
3783
2677
641
2724
3434
2051
3174
3549
2245
3527
2505
674
1903
689
658
2831
1716
1685
3890
3011
2363
3748
1912
1623
2695
2740
1992
1455
208
3650
2396
528
2213
1743
3622
2343
144
1904
1949
361
2392
1215
2360
1483
1742
1734
3048
1837
3745
4039
1613
3018
3272
381
3422
1619
1630
759
3720
3414
2954
1824
2402
3188
2419
3402
2792
3153
1429
1768
3796
1653
2351
948
2313
2391
4026
1517
1212
2884
3791
1724
3548
582
1102
1344
692
1681
3808
2451
342
3059
2565
1449
3180
2698
3208
921
2032
2515
1202
331
1883
783
1200
843
967
1735
3986
2673
1558
3974
1439
426
782
3775
213
199
1081
3994
227
3609
2687
2632
638
1223
1061
1489
3006
1272
4046
3914
142
2017
798
365
2532
4010
2567
231
3693
3113
348
3940
1857
1021
2112
650
3475
1332
623
2314
85
606
2700
3552
708
3717
3085
669
1268
2097
1994
2348
2835
542
1495
2713
2977
3080
2499
1933
3524
3626
2797
385
1450
3735
92
1222
2596
2576
239
419
1831
833
3574
3641
3449
805
544
2431
2664
1491
1169
1934
1398
686
1690
1220
3238
959
3070
1509
2910
1713
3168
2111
4014
1038
2040
1108
1825
2916
13
1646
1896
1456
672
3306
2176
2611
2483
2981
190
1515
3941
3473
3175
739
3035
112
2807
2242
1553
221
2913
2509
1088
3455
3978
3902
704
3654
2474
1026
33
1908
277
1430
757
1392
771
410
997
1485
768
1717
3310
3824
3120
3578
3108
1196
1322
1232
3454
462
359
465
3655
3118
446
3506
1404
1016
2324
913
2667
2372
3397
1405
922
2906
597
2636
3814
3361
416
3997
3557
3116
3217
2132
4045
3331
2653
1967
298
2592
2382
4038
2029
1905
111
2174
1136
1569
3440
3509
1940
2014
3365
1674
1285
1241
1606
1351
568
926
1726
3555
3432
1510
494
3122
2214
3958
330
3159
973
3920
712
899
1875
3906
2114
2844
3065
415
1955
1959
3848
2231
2364
3777
1989
1179
2584
1383
2173
3521
2062
1243
2675
897
2660
811
2784
1870
1271
1339
2994
2801
1250
880
3866
3929
2126
1711
3682
1609
3951
3357
1659
2668
1556
1471
754
3904
1755
2955
3021
3771
1600
2440
2015
2597
572
1363
679
2648
418
3573
2254
1826
894
4035
1923
3640
3115
808
3569
3396
1090
3608
2646
3522
3687
128
3344
1700
533
530
810
1031
153
955
2085
2502
2489
2959
1964
74
157
3825
929
1231
1472
1751
2086
2535
2377
2814
1680
3186
527
1362
76
2573
34
2926
2171
3911
1319
287
877
1805
3471
2384
1895
3659
603
1048
566
1011
2545
1575
2003
3435
103
263
1211
517
715
2267
556
1604
1173
3053
3685
1524
1654
1473
141
3031
205
2683
3714
1440
2972
2733
1181
3194
923
3963
1240
1343
2936
2739
3923
875
454
1433
723
2875
2186
2052
3136
4025
2934
709
2990
2444
3051
1643
1262
2407
2873
3721
428
3780
3956
1842
993
1177
3855
2613
3553
732
100
3697
1686
3822
492
520
722
3966
1072
2909
2757
983
3139
573
2347
3505
590
3627
1740
2007
693
1442
2109
2552
4032
802
681
3452
1962
2922
3305
2379
1692
984
956
1229
3269
3338
3214
334
2475
3332
2127
1287
647
745
3705
55
954
1893
2439
2134
3669
1958
1718
3303
3968
2570
3494
3317
1639
80
2773
3967
3512
3540
2026
1846
1631
3554
3657
1091
3601
1919
37
3561
2561
550
1360
1889
1545
2070
391
1189
2355
3803
4020
3537
3546
3307
2610
3281
3103
1224
3891
1265
477
285
1500
1276
1035
2891
3583
149
2001
295
2709
593
2401
887
1550
2350
3242
2336
393
2373
1884
1888
1441
2745
3836
3681
2027
2702
2046
402
2450
1539
2482
1886
2965
937
2952
1816
206
3074
2603
2206
3604
1422
3442
2975
389
2107
1384
1006
696
3490
2338
1040
1331
1078
2013
733
2331
3651
1357
3692
3807
3232
1367
3782
1283
925
3861
3706
2523
1776
4000
740
2854
3034
362
186
3957
1047
3508
2424
3975
3388
272
1578
1359
749
3611
2682
136
1583
1560
3833
537
2135
3619
2988
2453
2119
1971
373
2120
1705
3004
179
1914
2477
2956
1799
378
3917
3078
675
961
2253
230
1099
2537
51
555
3629
3216
1941
93
68
3761
3680
2116
930
1467
177
3321
3950
2049
965
3699
896
2357
953
2580
2461
160
162
439
1157
1834
1559
1839
3579
424
1461
1841
2933
64
747
1635
43
3079
3547
2157
466
2572
2838
3798
61
3334
3869
3792
3126
2758
243
2397
1829
2684
3675
1385
354
3493
1050
3276
994
855
1214
3046
2762
859
178
2828
882
1261
183
2233
2522
2526
3773
1695
3156
1878
2161
3014
1950
1403
1945
3964
1866
938
2339
233
2393
2898
1995
2367
2240
1628
1323
2077
1451
2404
2938
579
3846
1796
1063
3278
1988
1481
1721
65
3010
545
1615
455
518
2834
3177
1651
1544
3358
1981
3810
2958
400
215
2327
1299
370
116
423
3790
163
1667
3259
2291
536
3719
823
1117
1003
2089
2847
1498
1845
1565
2216
235
339
2827
1778
717
2989
4003
1497
940
914
284
2311
801
155
3401
1326
404
1939
3022
2810
637
2185
3539
3942
3973
809
2054
138
2759
2529
2642
2276
3032
1129
2238
3999
1725
2469
1775
793
4006
1696
120
2094
868
980
3670
341
275
3067
1823
2880
238
2524
3851
3073
3290
3959
440
132
1804
858
1764
398
1378
560
2285
2344
3224
2860
1529
1127
3195
173
1727
1131
367
1233
2805
3876
1864
2498
1554
1259
303
401
2258
360
2736
2403
778
1947
3953
3039
2830
2622
3438
3517
2947
2122
102
222
3025
642
2671
384
31
3535
1172
2261
951
1859
337
201
3596
1143
651
3918
986
3211
3066
1237
854
2008
1393
1532
1806
1318
2370
1446
1174
656
1770
2893
3173
299
2857
2289
1447
1750
2010
3235
1767
1355
3586
3711
3387
3236
496
219
781
480
3857
2095
2334
1411
356
313
62
2388
3226
336
1321
3834
2775
2951
3730
1591
3198
2887
1201
2236
947
2811
99
2322
1624
1346
1973
1119
563
1273
911
981
3017
229
602
3789
1844
2172
1263
2316
1309
1843
191
2293
2460
1089
3138
1301
3212
2342
292
14
3983
2582
254
2678
3943
3665
1282
3378
3525
1113
1436
1830
3599
2408
1057
7
1140
1819
2806
624
2387
3784
3993
95
1373
2850
265
788
2704
3840
3007
999
3658
1425
1728
3033
1069
4048
479
3676
2000
1375
1526
3992
1900
3102
3850
3624
753
3201
1097
878
3193
3683
625
589
821
1753
2443
3294
2303
3289
3395
3024
2203
3582
387
917
3240
4002
2625
3324
2409
1079
918
1546
3689
1361
3867
10
2786
716
3668
1000
3564
228
1998
444
3980
2298
3016
586
1650
1928
2284
3075
881
3542
3934
1605
827
1036
3701
2696
1246
3872
671
714
3050
2332
1786
3474
851
1754
267
924
3843
3519
1176
3898
3694
3523
3038
1238
1924
1851
1668
1536
3298
646
2262
325
3072
2426
3230
1528
3778
2421
2609
2438
2273
1593
3507
2987
2263
3135
1588
1561
2871
2143
2241
3249
3275
2434
3532
860
3575
2943
3482
2659
1906
3184
777
3013
30
1620
145
2071
169
252
1800
17
2569
57
2037
3252
1484
660
2415
1274
291
1534
2016
701
2462
844
1567
3386
355
2680
1688
3781
3374
2862
1158
612
1134
3921
1907
2527
2227
1312
2473
2872
2617
2354
1300
519
3897
3229
3823
3696
3965
2144
2167
2878
2340
470
3495
1658
3690
432
3821
1037
1096
2100
3729
4021
89
3199
742
834
3576
3972
2239
2815
2199
2991
2330
1691
1551
1349
3860
2771
1013
1882
2774
203
2234
1706
2627
1910
1861
2457
2598
2581
1020
703
2310
1330
2459
864
2930
2776
522
1763
2385
4018
507
181
3377
892
258
905
1911
1832
3499
3027
193
405
15
131
856
4050
1932
562
3981
3702
1505
498
414
1197
1693
944
2223
1
547
3005
728
2361
3740
3133
58
2466
1348
736
2621
274
38
3544
2591
2141
12
1110
2915
731
2454
241
2583
1103
621
4040
406
1087
1106
900
3325
546
912
1352
3243
1571
2182
2060
434
347
1317
1443
147
3513
2620
1167
2795
670
2281
839
1463
382
3209
2907
2511
2320
3754
2816
3566
713
1812
2719
2722
995
1921
3431
1784
2973
1916
8
2553
452
1005
2859
2829
1625
3381
766
3478
1899
3912
1956
3043
2041
2195
1533
2931
2369
3710
3363
1477
631
3262
2468
1586
3360
2164
2703
3776
812
1019
3816
2300
3239
1918
3380
366
3155
673
2612
785
972
2685
269
3400
2039
124
3708
2969
413
2467
1308
551
1409
531
316
2970
769
1017
2643
2820
4019
2191
3347
1010
939
3015
3751
1325
1427
3560
1353
4041
2919
4011
840
3223
1195
2681
1976
3042
3568
318
558
1917
2356
2531
3337
3342
1133
3862
2686
3408
3123
1745
3984
2993
1253
2394
1682
1216
2225
649
2559
1948
3819
2783
1406
3309
2899
3270
2251
251
3076
846
60
1435
2748
3077
259
1943
1141
3083
1448
2697
3362
3345
1067
2729
552
1984
869
2028
3750
668
137
44
447
63
2533
3628
1512
4043
3826
2280
3111
1855
1660
3187
3376
1336
2699
2061
1516
1810
1991
2478
2986
3419
2452
2566
2115
236
2072
2455
817
1863
3856
632
1365
2429
592
9
1434
3417
1293
898
1180
895
2425
2497
3369
3178
2504
390
2420
174
2302
3837
2169
4012
865
1968
1640
16
992
1415
852
2232
627
3935
54
1008
2399
962
901
2787
2679
4004
2608
1418
134
1871
1340
4031
436
1407
1252
1523
1877
1656
3472
266
2768
3858
4022
1894
2950
1281
729
1673
2666
3157
2618
3415
36
2292
1632
96
3228
1570
1868
1749
3652
2105
3247
2932
2442
2400
3722
2841
818
73
3477
3346
3411
1206
3991
682
3572
82
3028
172
1182
2230
3091
3960
2923
2767
143
3871
1121
2701
968
570
3128
2217
0
2269
2288
3976
1858
2268
3196
702
1580
1464
594
3732
3504
1636
2463
312
2849
1865
3399
3924
2092
1277
2183
523
3354
1592
3656
1579
3620
276
2476
3774
3820
2705
2108
427
2754
2456
1678
600
1783
1007
3481
1389
2025
3758
1154
94
110
1123
743
1492
41
196
711
3246
3444
2780
1342
3488
1965
1982
3364
167
1573
571
70
2083
2799
3755
1987
2863
657
3326
2150
726
3737
906
3368
1094
1892
1762
744
1185
3105
1701
1030
2669
3919
2846
2978
2249
324
460
1077
1438
2181
1614
2935
581
1555
2279
3248
3089
3227
724
1835
2352
2154
2180
117
2843
1410
3407
461
1915
2551
2901
3081
3886
1850
3197
907
1969
3023
1239
1757
1076
988
2244
429
1335
3445
2562
1589
1633
3207
363
1111
2751
3143
1341
2138
3167
662
3441
2130
3179
1873
2881
3058
1218
815
2445
867
441
3804
505
84
2447
383
2867
1466
81
2414
1687
2405
500
2540
2637
1161
3492
2962
678
207
1983
565
3258
1124
1922
3124
35
126
1032
3889
1621
3336
396
652
3140
3802
1152
2294
2410
640
2079
1694
1920
2837
727
1860
1890
1428
1046
2651
3516
3049
3703
2865
1587
2921
2718
2500
513
2030
2514
862
2746
3150
2606
2839
217
814
2204
3932
3949
2380
2868
1105
636
214
3185
2971
2506
3661
2058
442
2508
3577
2158
2908
1075
3936
2721
1568
45
772
3456
615
1730
2772
1769
799
3300
3406
3842
1130
3163
2152
2480
1194
2106
3106
3759
3403
294
3203
1611
3849
2272
121
838
3580
129
3621
3635
1935
1175
1601
800
1618
2892
3903
927
184
767
107
3679
3068
617
3598
3700
2312
667
3623
2856
774
1457
2090
3743
1637
3900
3785
2507
1876
1626
1260
3098
3728
2549
448
2590
280
2741
2755
435
2734
3910
1114
3297
794
3874
3852
1417
438
148
1168
1747
3189
1795
4013
290
1066
2689
247
2398
2798
1244
928
1178
305
2707
3602
3639
176
1245
3485
3674
2149
705
3868
990
2760
1610
1552
964
253
1574
2661
279
97
2192
1946
3845
3476
3562
2381
495
2656
3161
1320
1797
3854
2900
3794
3944
2918
346
3718
4037
2756
2924
3424
4023
4016
497
3112
3170
3130
474
746
270
1052
3044
1258
3768
4033
820
1444
425
2641
3296
368
3926
1974
2544
2817
2538
721
1043
2140
443
3892
1731
1963
1397
3012
350
863
1703
3530
535
575
2842
